#                                                                                                             running time (s)                 
#                                                                                                      -------------------------------          
# idx  seq name                                     length  cm from    cm to  trunc    bit sc  avg pp  band calc  alignment      total  mem (Mb)
# ---  -------------------------------------------  ------  -------  -------  -----  --------  ------  ---------  ---------  ---------  --------
    1  AMWB01035575.1/108-175                           68        1       69     no     53.15   0.986       0.00       0.01       0.01      0.37
    2  UnmappedStool_Broad_C253000097/192-120           73        1       69     no     47.33   0.955       0.00       0.01       0.01      0.45
    3  RUMENNODE_4196916_1/1307-1232                    76        1       69     no     48.04   0.919       0.00       0.01       0.01      0.47
    4  BMHBC_2_5701378/29-103                           75        1       69     no     60.90   0.942       0.00       0.01       0.01      0.36
    5  SRS052227_LANL_scaffold_29813/18626-18557        70        1       69     no     40.19   0.995       0.00       0.01       0.01      0.54
    6  SRS016225_WUGC_scaffold_32285/3129-3060          70        1       69     no     48.39   0.998       0.00       0.00       0.01      0.36
    7  SRS014470_C3756870/880-949                       70        1       69     no     48.39   0.998       0.00       0.00       0.00      0.36
    8  SRS015055_C1635897/141-210                       70        1       69     no     48.39   0.998       0.00       0.00       0.00      0.36
    9  NCBI_READ_1113288683231/634-554                  81        1       69     no     60.81   0.920       0.00       0.01       0.01      0.53
   10  4463936.3.188434/375-308                         68        1       69     no     46.20   0.984       0.00       0.00       0.00      0.32
   11  SwBSRL2_contig_7420746/252-339                   88        1       69     no     50.92   0.891       0.00       0.01       0.01      0.56
   12  topACOD_F95O9CU01CK4O2/249-326                   78        1       69     no     48.55   0.901       0.00       0.01       0.01      0.49
   13  HCF12C_58327/229-301                             73        1       69     no     68.97   0.953       0.00       0.00       0.00      0.30
   14  JGI20156J14371_10005593/2629-2568                62        1       69     no     54.85   0.958       0.00       0.00       0.00      0.31
   15  RUMENNODE_1945026_35000/5825-5757                69        1       69     no     64.12   0.968       0.00       0.00       0.00      0.38
   16  AF_2010_repII_A1_10015305/1614-1691              78        1       69     no     61.24   0.936       0.00       0.01       0.01      0.48
   17  NZ_AGGO01000583.1/22-99                          78        1       69     no     58.74   0.946       0.00       0.00       0.00      0.33
   18  SRS019397_C1469115/422-500                       79        1       69     no     54.50   0.934       0.00       0.00       0.01      0.45
   19  UnmappedStool_Broad_C253453338/196-119           78        1       69     no     56.26   0.940       0.00       0.00       0.00      0.41
   20  NCBI_READ_1113316008022/801-867                  67        1       69     no     44.31   0.958       0.00       0.00       0.00      0.32
   21  P_1C_Sed_2_UnCty_1273687/57-126                  70        1       69     no     45.85   0.974       0.00       0.00       0.00      0.36
   22  TB_GS09_5_10008256/3802-3735                     68        1       69     no     63.24   0.995       0.00       0.00       0.00      0.29
   23  UnmappedStool_Broad_C251465396/1-68              68        1       69     no     62.77   0.991       0.00       0.00       0.00      0.30
   24  SRS019787_WUGC_scaffold_21996/843-910            68        1       69     no     63.56   0.986       0.00       0.00       0.00      0.29
   25  SRS053335_C2380589/199-266                       68        1       69     no     63.56   0.986       0.00       0.00       0.00      0.29
   26  KVRM_2_1_1_newblercontig71490/27-91              65        1       69     no     43.22   0.975       0.00       0.00       0.00      0.35
   27  SL_1KL_011_SED_10182254/449-520                  72        1       69     no     63.99   0.961       0.00       0.00       0.00      0.29
   28  SL_1KL_011_SED_10862280/185-114                  72        1       69     no     60.76   0.961       0.00       0.00       0.00      0.29
   29  4443755.3.49209/37-110                           74        1       69     no     58.26   0.949       0.00       0.00       0.00      0.34
   30  RUMENNODE_373253_1/67373-67302                   72        1       69     no     60.64   0.978       0.00       0.00       0.00      0.28
   31  NZ_AFHW01000093.1/13318-13253                    66        1       69     no     44.51   0.964       0.00       0.00       0.00      0.33
   32  AECF_F56XM5W02HPNPB/247-178                      70        1       69     no     38.29   0.927       0.00       0.00       0.00      0.34
   33  scaffold19354_1_O2.UC-20/326-260                 67        1       69     no     59.64   0.957       0.00       0.00       0.00      0.28
   34  SRS013687_C2502060/275-341                       67        1       69     no     59.64   0.957       0.00       0.00       0.00      0.28
   35  SRS023914_C1910779/263-197                       67        1       69     no     59.64   0.957       0.00       0.00       0.00      0.28
   36  UnmappedStool_Broad_C253374458/85-151            67        1       69     no     59.64   0.957       0.00       0.00       0.00      0.28
   37  P_1C_Sed_3_UnCty_1050414/354-284                 71        1       69     no     59.41   0.954       0.00       0.00       0.00      0.39
   38  scaffold9121_11_O2.UC-18/1197-1129               69        1       69     no     68.92   0.998       0.00       0.00       0.00      0.34
   39  4491686.3.5780/595-674                           80        1       69     no     44.62   0.840       0.00       0.00       0.00      0.42
   40  4491686.3.1041960/706-785                        80        1       69     no     44.62   0.840       0.00       0.00       0.00      0.42
   41  FWIROz_GKA24FP02GK5E2/225-139                    87        1       69     no     44.95   0.877       0.00       0.00       0.00      0.56
   42  GX8B9KJ01CRUJY/328-258                           71        1       69     no     54.79   0.887       0.00       0.00       0.00      0.35
   43  SRS015578_C2538900/222-147                       76        1       69     no     63.81   0.948       0.00       0.00       0.00      0.30
   44  SRS047014_WUGC_scaffold_50560/3642-3717          76        1       69     no     65.59   0.948       0.00       0.00       0.00      0.30
   45  JCVI_SCAF_1096628350214/1287-1344                58        1       69     no     45.71   0.986       0.00       0.00       0.00      0.34
   46  LV_Brine_h2_0102_1024767/1024-1088               65        1       69     no     60.01   0.995       0.00       0.00       0.00      0.30
   47  JGI1221J11331_1023885/1028-1092                  65        1       69     no     60.01   0.995       0.00       0.00       0.00      0.30
   48  JGI1221J11331_1042826/472-536                    65        1       69     no     57.62   0.995       0.00       0.00       0.00      0.35
   49  LV_Brine_h2_0102_1082486/273-209                 65        1       69     no     57.62   0.995       0.00       0.00       0.00      0.35
   50  LV_Brine_h2_0102_1180717/7-71                    65        1       69     no     57.62   0.995       0.00       0.00       0.00      0.35
   51  LV_Brine_h2_0102_1084320/410-474                 65        1       69     no     59.38   0.995       0.00       0.00       0.00      0.32
   52  LV_Brine_h2_0102_1148242/51-115                  65        1       69     no     57.75   0.995       0.00       0.00       0.00      0.32
   53  LV_Brine_h2_0102_1114214/346-282                 65        1       69     no     57.41   0.994       0.00       0.00       0.00      0.33
   54  JGI1221J11331_1115107/202-138                    65        1       69     no     57.41   0.994       0.00       0.00       0.00      0.33
   55  LV_Brine_h2_0102_1063128/455-391                 65        1       69     no     59.03   0.995       0.00       0.00       0.00      0.33
   56  JGI1221J11331_1085485/123-59                     65        1       69     no     59.03   0.995       0.00       0.00       0.00      0.33
   57  JGI12698J15209_1003155/604-532                   73        1       69     no     58.42   0.967       0.00       0.00       0.00      0.34
   58  JGI1221J11331_1036073/715-644                    72        1       69     no     65.69   0.965       0.00       0.00       0.00      0.31
   59  LV_Brine_h2_0102_1028259/328-399                 72        1       69     no     67.24   0.965       0.00       0.00       0.00      0.30
   60  LV_Brine_h2_0102_1042839/577-648                 72        1       69     no     67.24   0.965       0.00       0.00       0.00      0.30
   61  JGI1221J11331_1078596/130-59                     72        1       69     no     67.24   0.965       0.00       0.00       0.00      0.30
   62  LV_Brine_h2_0102_1077468/431-360                 72        1       69     no     62.90   0.976       0.00       0.00       0.00      0.30
   63  JGI1221J11331_1060072/294-365                    72        1       69     no     62.90   0.976       0.00       0.00       0.00      0.30
   64  JGI1221J11331_1079190/514-443                    72        1       69     no     65.52   0.977       0.00       0.00       0.00      0.31
   65  LV_Brine_h2_0102_1094503/258-329                 72        1       69     no     63.79   0.977       0.00       0.00       0.00      0.31
   66  LV_Brine_h2_0102_1106580/398-327                 72        1       69     no     63.79   0.977       0.00       0.00       0.00      0.31
   67  LV_Brine_h2_0102_1025233/1043-1114               72        1       69     no     65.13   0.977       0.00       0.00       0.00      0.31
   68  LV_Brine_h2_0102_1073350/371-442                 72        1       69     no     65.13   0.977       0.00       0.00       0.00      0.31
   69  LV_Brine_h2_0102_1138196/337-266                 72        1       69     no     65.13   0.977       0.00       0.00       0.00      0.31
   70  JGI1221J11331_1059400/632-703                    72        1       69     no     65.13   0.977       0.00       0.00       0.00      0.31
   71  JGI1221J11331_1117900/236-307                    72        1       69     no     65.13   0.977       0.00       0.00       0.00      0.31
   72  JGI1221J11331_1150576/348-277                    72        1       69     no     65.13   0.977       0.00       0.00       0.00      0.31
   73  JGI1221J11331_1275448/97-168                     72        1       69     no     65.13   0.977       0.00       0.00       0.00      0.31
   74  JGI1221J11331_1165748/277-206                    72        1       69     no     57.43   0.985       0.00       0.00       0.00      0.39
   75  JGI1221J11331_1061686/25-96                      72        1       69     no     61.32   0.985       0.00       0.00       0.00      0.35
   76  JGI1221J11331_1180005/153-224                    72        1       69     no     61.32   0.985       0.00       0.00       0.00      0.35
   77  JGI1221J11331_1170754/98-27                      72        1       69     no     61.71   0.985       0.00       0.00       0.00      0.35
   78  JGI1221J11331_1259002/4-75                       72        1       69     no     61.71   0.985       0.00       0.00       0.00      0.35
   79  LV_Brine_h2_0102_1044599/535-606                 72        1       69     no     61.71   0.985       0.00       0.00       0.00      0.35
   80  LV_Brine_h2_0102_1189767/59-130                  72        1       69     no     61.71   0.985       0.00       0.00       0.00      0.35
   81  LV_Brine_h2_0102_1105188/179-108                 72        1       69     no     62.18   0.989       0.00       0.00       0.00      0.33
   82  LV_Brine_h2_0102_1065239/110-39                  72        1       69     no     61.91   0.986       0.00       0.00       0.00      0.35
   83  LV_Brine_h2_0102_1223096/94-23                   72        1       69     no     61.52   0.986       0.00       0.00       0.00      0.35
   84  JGI1221J11331_1096283/156-85                     72        1       69     no     61.52   0.986       0.00       0.00       0.00      0.35
   85  JGI1221J11331_1113305/340-411                    72        1       69     no     61.52   0.986       0.00       0.00       0.00      0.35
   86  LV_Brine_h2_0102_1122788/110-181                 72        1       69     no     65.63   0.986       0.00       0.00       0.00      0.34
   87  CAM_READ_0073996105/149-222                      74        1       69     no     53.08   0.949       0.00       0.00       0.00      0.35
   88  NZ_KE159636.1/1296634-1296569                    66        1       69     no     57.05   0.997       0.00       0.00       0.00      0.27
   89  SRS016335_WUGC_scaffold_3018/6945-7019           75        1       69     no     58.90   0.954       0.00       0.00       0.00      0.38
   90  SRS011134_C5190756/5041-5115                     75        1       69     no     64.50   0.942       0.00       0.00       0.00      0.36
   91  HCF12C_432283/525-453                            73        1       69     no     64.34   0.951       0.00       0.00       0.00      0.35
   92  GQKUMWE02HV346/99-37                             63        1       69     no     61.98   0.987       0.00       0.00       0.00      0.31
   93  UnmappedStool_Broad_C253190914/334-265           70        1       69     no     54.42   0.972       0.00       0.00       0.00      0.32
   94  4491686.3.1035342/144-77                         68        1       69     no     42.62   0.938       0.00       0.00       0.00      0.34
   95  Cons3363/610-674                                 65        1       69     no     48.02   0.974       0.00       0.00       0.00      0.40
   96  BS_KBA_SWE12_21m_c10003972/4908-4974             67        1       69     no     48.80   0.979       0.00       0.00       0.00      0.29
   97  BS_KBB_SWE26_205m_c1005738/236-302               67        1       69     no     48.80   0.979       0.00       0.00       0.00      0.29
   98  BS_KBA_SWE21_205m_10018871/123-189               67        1       69     no     48.80   0.979       0.00       0.00       0.00      0.29
   99  4443755.3.16945/856-790                          67        1       69     no     66.26   0.973       0.00       0.00       0.00      0.29
  100  SS_2KS_010_SOIL_10138716/270-329                 60        1       69     no     42.40   0.952       0.00       0.00       0.00      0.32
  101  JCVI_SCAF_1096627282973/604-676                  73        1       69     no     63.20   0.957       0.00       0.00       0.00      0.33
  102  LV_Brine_h2_0102_1013080/567-641                 75        1       69     no     68.65   0.945       0.00       0.00       0.00      0.34
  103  JGI1221J11331_1054253/559-633                    75        1       69     no     68.65   0.945       0.00       0.00       0.00      0.34
  104  LV_Brine_h2_0102_1043459/52-126                  75        1       69     no     64.22   0.944       0.00       0.00       0.00      0.34
  105  LV_Brine_h2_0102_1184373/141-67                  75        1       69     no     64.22   0.944       0.00       0.00       0.00      0.34
  106  JGI1221J11331_1096924/320-246                    75        1       69     no     64.22   0.944       0.00       0.00       0.00      0.34
  107  JGI1221J11331_1271491/209-135                    75        1       69     no     64.22   0.944       0.00       0.00       0.00      0.34
  108  SakLake120mDRAFT_c0146681/468-532                65        1       69     no     45.84   0.994       0.00       0.00       0.00      0.44
  109  NZ_KB850948.1/59623-59690                        68        1       69     no     57.10   0.957       0.00       0.00       0.00      0.34
  110  NZ_JH126431.1/675858-675926                      69        1       69     no     59.48   0.975       0.00       0.00       0.00      0.31
  111  NZ_JH126431.1/674396-674459                      64        1       69     no     44.48   0.969       0.00       0.00       0.00      0.38
  112  UnmappedStool_Broad_C251605930/153-90            64        1       69     no     44.48   0.969       0.00       0.00       0.00      0.38
  113  BABE01011365.1/336-273                           64        1       69     no     46.47   0.970       0.00       0.00       0.00      0.33
  114  NZ_JH126438.1/131374-131437                      64        1       69     no     47.63   0.970       0.00       0.00       0.00      0.33
  115  NZ_JH126431.1/674694-674757                      64        1       69     no     51.59   0.969       0.00       0.00       0.00      0.36
  116  SRMUA_GNVGR9Q01DSTSU/165-230                     66        1       69     no     55.29   0.976       0.00       0.00       0.00      0.30
  117  SRMUA_GNVGR9Q01C7FRF/137-202                     66        1       69     no     55.29   0.976       0.00       0.00       0.00      0.30
  118  20090826-Illumina_contig18230/1096-1158          63        1       69     no     57.18   0.994       0.00       0.00       0.00      0.33
  119  20090826-454-04636/52-114                        63        1       69     no     56.57   0.987       0.00       0.00       0.00      0.34
  120  HCF12C_58327/607-676                             70        1       69     no     57.71   0.977       0.00       0.00       0.00      0.29
  121  JGI1221J11331_1160579/245-180                    66        1       69     no     55.82   0.976       0.00       0.00       0.00      0.25
  122  LV_Brine_h2_0102_1010669/716-652                 65        1       69     no     56.41   0.968       0.00       0.00       0.00      0.25
  123  DelMOSum2011_c10143506/88-15                     74        1       69     no     51.28   0.944       0.00       0.00       0.00      0.36
  124  2236876011_199011/191-265                        75        1       69     no     58.19   0.946       0.00       0.00       0.00      0.36
  125  TB03JUN2009E__Contig_1742/3706-3645              62        1       69     no     51.88   0.972       0.00       0.00       0.00      0.31
  126  SL_9KL_010_SED_10016581/2058-1995                64        1       69     no     43.44   0.973       0.00       0.00       0.00      0.38
  127  SL_5KL_010_SED_10271490/83-146                   64        1       69     no     43.44   0.973       0.00       0.00       0.00      0.38
  128  JCVI_SCAF_1096627282643/1909-1844                66        1       69     no     55.34   0.991       0.00       0.00       0.00      0.30
  129  JGI20151J14362_10358429/154-219                  66        1       69     no     55.97   0.960       0.00       0.00       0.00      0.30
  130  DelMOSum2011_c10190679/380-304                   77        1       69     no     54.12   0.943       0.00       0.00       0.00      0.39
  131  JGI20158J14315_10119576/350-274                  77        1       69     no     54.12   0.943       0.00       0.00       0.00      0.39
  132  JGI20158J14315_10061369/429-503                  75        1       69     no     59.74   0.948       0.00       0.00       0.00      0.32
  133  2236876008_087079/451-526                        76        1       69     no     56.03   0.948       0.00       0.00       0.00      0.35
  134  hsmat10_BHWZ5893_b1/33-98                        66        1       69     no     65.48   0.959       0.00       0.00       0.00      0.26
  135  4491411.3_NODE_2292/10252-10180                  73        1       69     no     59.84   0.964       0.00       0.00       0.00      0.34
  136  BS_KBB_SWE26_205m_c1114943/205-297               93        1       69     no     65.49   0.936       0.00       0.00       0.00      0.46
  137  BS_KBA_SWE21_205m_10011277/391-299               93        1       69     no     65.49   0.936       0.00       0.00       0.00      0.46
  138  UnmappedStool_Broad_C253707410/188-258           71        1       69     no     45.18   0.952       0.00       0.00       0.00      0.37
  139  JCVI_SCAF_1101668203871/1459-1527                69        1       69     no     64.93   0.999       0.00       0.00       0.00      0.25
  140  2200549695/164-238                               75        1       69     no     59.40   0.949       0.00       0.00       0.00      0.37
  141  2200577302/190-116                               75        1       69     no     58.36   0.949       0.00       0.00       0.00      0.37
  142  2200585061/239-167                               73        1       69     no     59.57   0.961       0.00       0.00       0.00      0.31
  143  NC_022075.1/2220898-2220835                      64        1       69     no     50.38   0.995       0.00       0.00       0.00      0.27
  144  HCF12C_320053/96-167                             72        1       69     no     63.36   0.961       0.00       0.00       0.00      0.32
  145  DelMOWin2010_c10038451/1308-1238                 71        1       69     no     65.83   0.978       0.00       0.00       0.00      0.26
  146  DelMOSum2010_c10735312/95-165                    71        1       69     no     65.44   0.978       0.00       0.00       0.00      0.25
  147  DelMOSum2011_c10572556/105-175                   71        1       69     no     65.44   0.978       0.00       0.00       0.00      0.25
  148  HCF12C_274322/908-835                            74        1       69     no     65.07   0.948       0.00       0.00       0.00      0.36
  149  2210751650/13-82                                 70        1       69     no     72.15   0.979       0.00       0.00       0.00      0.27
  150  MA55A_contig05477/738-811                        74        1       69     no     70.36   0.959       0.00       0.00       0.00      0.29
  151  MA55A_contig08797/616-685                        70        1       69     no     71.31   0.964       0.00       0.00       0.00      0.27
  152  07_22_CONTROL_DNA_scaffold15_2/8286-8360         75        1       69     no     61.39   0.951       0.00       0.00       0.00      0.36
  153  SRS017521_Baylor_scaffold_10780/853-918          66        1       69     no     54.47   0.997       0.00       0.00       0.00      0.34
  154  2227465196/1896-1831                             66        1       69     no     61.04   0.995       0.00       0.00       0.00      0.33
  155  scaffold49553_1_MH0073/1882-1948                 67        1       69     no     65.26   0.993       0.00       0.00       0.00      0.32
  156  scaffold73362_4_V1.CD-3/830-764                  67        1       69     no     65.26   0.993       0.00       0.00       0.00      0.32
  157  IMNBGM34_c151206/235-168                         68        1       69     no     54.67   0.951       0.00       0.00       0.00      0.29
  158  DelMOSum2011_c10143506/350-281                   70        1       69     no     60.95   0.969       0.00       0.00       0.00      0.25
  159  DelMOWin2010_c10038451/1642-1573                 70        1       69     no     60.95   0.969       0.00       0.00       0.00      0.25
  160  CAM_READ_0233656431/240-311                      72        1       69     no     53.73   0.978       0.00       0.00       0.00      0.31
  161  DelMOWin2010_c10165569/495-425                   71        1       69     no     63.04   0.978       0.00       0.00       0.00      0.25
  162  JGI20158J14315_10003281/10035-9965               71        1       69     no     63.04   0.978       0.00       0.00       0.00      0.25
  163  NZ_KB822441.1/114687-114619                      69        1       69     no     63.91   0.966       0.00       0.00       0.00      0.28
  164  HCF12C_238140/703-777                            75        1       69     no     60.00   0.933       0.00       0.00       0.00      0.35
  165  JCVI_SCAF_1101667160699/678-746                  69        1       69     no     66.98   0.997       0.00       0.00       0.00      0.28
  166  DelMOSum2011_c10243708/203-138                   66        1       69     no     66.54   0.981       0.00       0.00       0.00      0.27
  167  JGI20158J14315_10061369/838-902                  65        1       69     no     59.62   0.986       0.00       0.00       0.00      0.26
  168  JGI20158J14315_10461146/166-102                  65        1       69     no     63.33   0.983       0.00       0.00       0.00      0.25
  169  DelMOWin2010_c10055187/1267-1331                 65        1       69     no     58.64   0.979       0.00       0.00       0.00      0.26
  170  ASLM90b_GN81PCX02FZMYL/194-262                   69        1       69     no     57.47   0.955       0.00       0.00       0.00      0.28
  171  4491686.3.10008/504-416                          89        1       69     no     51.95   0.908       0.00       0.00       0.00      0.50
  172  4491686.3.17948/957-1049                         93        1       69     no     38.09   0.930       0.00       0.00       0.00      0.52
  173  4491686.3.998753/968-1060                        93        1       69     no     38.09   0.930       0.00       0.00       0.00      0.52
  174  4491686.3.108502/420-512                         93        1       69     no     41.44   0.933       0.00       0.00       0.00      0.55
  175  4491686.3.999063/431-523                         93        1       69     no     41.44   0.933       0.00       0.00       0.00      0.55
  176  scaffold98128_3_O2.UC-19/1499-1431               69        1       69     no     64.03   0.996       0.00       0.00       0.00      0.35
  177  scaffold21525_5_MH0006/17445-17372               74        1       69     no     53.82   0.948       0.00       0.00       0.00      0.43
  178  scaffold10333_8_MH0045/28750-28679               72        1       69     no     63.29   0.974       0.00       0.00       0.00      0.32
  179  2236876008_085075/435-369                        67        1       69     no     64.75   0.948       0.00       0.00       0.00      0.29
  180  ATED1026_contig02474/648-582                     67        1       69     no     62.18   0.994       0.00       0.00       0.00      0.27
  181  HCF12C_417696/1174-1248                          75        1       69     no     59.04   0.943       0.00       0.00       0.00      0.35
  182  taComm3_FNHH23846_b1/24-92                       69        1       69     no     48.22   0.955       0.00       0.00       0.00      0.33
  183  JGI11944J13513_1024738/825-893                   69        1       69     no     48.22   0.955       0.00       0.00       0.00      0.33
  184  UnmappedStool_Broad_C253507050/903-826           78        1       69     no     57.91   0.936       0.00       0.00       0.00      0.40
  185  4491686.3.1035342/835-768                        68        1       69     no     60.06   0.972       0.00       0.00       0.00      0.29
  186  2210131864/415-345                               71        1       69     no     66.59   0.960       0.00       0.00       0.00      0.30
  187  4491686.3.975250/101-170                         70        1       69     no     60.63   0.985       0.00       0.00       0.00      0.23
  188  NZ_AJLV01000017.1/3565-3628                      64        1       69     no     53.68   0.956       0.00       0.00       0.00      0.30
  189  NZ_GL635726.1/957831-957768                      64        1       69     no     54.13   0.961       0.00       0.00       0.00      0.29
  190  NZ_AOFM01000019.1/88362-88300                    63        1       69     no     53.76   0.994       0.00       0.00       0.00      0.31
  191  NZ_AMWQ01000046.1/28115-28052                    64        1       69     no     55.92   0.973       0.00       0.00       0.00      0.30
  192  NZ_AVEZ01000043.1/65123-65186                    64        1       69     no     55.92   0.973       0.00       0.00       0.00      0.30
  193  NC_014828.1/1057607-1057686                      80        1       69     no     43.10   0.887       0.00       0.00       0.00      0.37
  194  JGI20151J14362_10121394/452-383                  70        1       69     no     55.86   0.980       0.00       0.00       0.00      0.31
  195  JCVI_SCAF_1096627282973/1474-1546                73        1       69     no     66.02   0.953       0.00       0.00       0.00      0.37
  196  DelMOSum2011_c10617154/81-153                    73        1       69     no     66.02   0.953       0.00       0.00       0.00      0.37
  197  NC_022530.1/1712961-1713028                      68        1       69     no     68.87   0.986       0.00       0.00       0.00      0.27
  198  P_1C_Liq_1_UnCty_1037907/341-411                 71        1       69     no     71.61   0.973       0.00       0.00       0.00      0.27
  199  4491686.3.520525/224-156                         69        1       69     no     64.74   0.967       0.00       0.00       0.00      0.27
  200  08_19_CONTROL_DNA_scaffold60306_3/2611-2677      67        1       69     no     52.55   0.975       0.00       0.00       0.00      0.29
  201  scaffold675_9_MH0084/11535-11601                 67        1       69     no     68.68   0.963       0.00       0.00       0.00      0.24
  202  SRS020233_C4272895/5268-5334                     67        1       69     no     57.29   0.964       0.00       0.00       0.00      0.25
  203  SRS024331_LANL_scaffold_21581/199-133            67        1       69     no     54.63   0.964       0.00       0.00       0.00      0.26
  204  scaffold93880_2_V1.CD-13/1006-940                67        1       69     no     54.95   0.964       0.00       0.00       0.00      0.30
  205  SRS018313_C7959630/1354-1288                     67        1       69     no     60.63   0.964       0.00       0.00       0.00      0.25
  206  NC_021035.1/241377-241311                        67        1       69     no     60.63   0.964       0.00       0.00       0.00      0.25
  207  scaffold2452_3_MH0059/820-754                    67        1       69     no     60.63   0.964       0.00       0.00       0.00      0.25
  208  scaffold38202_3_MH0067/1117-1051                 67        1       69     no     60.63   0.964       0.00       0.00       0.00      0.25
  209  SRS015217_WUGC_scaffold_6606/22618-22552         67        1       69     no     60.63   0.964       0.00       0.00       0.00      0.25
  210  scaffold75779_2_MH0083/145-79                    67        1       69     no     60.63   0.964       0.00       0.00       0.00      0.25
  211  SRS015133_WUGC_scaffold_4781/25233-25167         67        1       69     no     60.63   0.964       0.00       0.00       0.00      0.25
  212  SRS017103_C2708552/549-483                       67        1       69     no     60.63   0.964       0.00       0.00       0.00      0.25
  213  SRS051882_C2566519/1380-1314                     67        1       69     no     60.63   0.964       0.00       0.00       0.00      0.25
  214  SRS064276_C2334391/189-125                       65        1       69     no     58.49   0.981       0.00       0.00       0.00      0.27
  215  4491482.3_NODE_591/1533-1469                     65        1       69     no     58.49   0.981       0.00       0.00       0.00      0.27
  216  SRS018817_WUGC_scaffold_27459/794-730            65        1       69     no     58.49   0.981       0.00       0.00       0.00      0.27
  217  SRS024435_LANL_scaffold_29402/17796-17860        65        1       69     no     58.49   0.981       0.00       0.00       0.00      0.27
  218  scaffold10334_1_MH0057/20982-21046               65        1       69     no     58.49   0.981       0.00       0.00       0.00      0.27
  219  SRS017521_Baylor_scaffold_36944/3573-3509        65        1       69     no     58.49   0.981       0.00       0.00       0.00      0.27
  220  UnmappedStool_Broad_scaffold_588930/144-80       65        1       69     no     58.49   0.981       0.00       0.00       0.00      0.27
  221  scaffold79235_2_MH0009/387-451                   65        1       69     no     63.12   0.981       0.00       0.00       0.00      0.25
  222  scaffold31750_6_MH0010/325-389                   65        1       69     no     63.12   0.981       0.00       0.00       0.00      0.25
  223  scaffold74987_3_MH0075/1063-1127                 65        1       69     no     63.12   0.981       0.00       0.00       0.00      0.25
  224  scaffold71822_4_V1.UC-8/8766-8702                65        1       69     no     63.12   0.981       0.00       0.00       0.00      0.25
  225  scaffold106379_3_MH0056/455-388                  68        1       69     no     59.33   0.993       0.00       0.00       0.00      0.34
  226  2013446707/241-175                               67        1       69     no     57.63   0.973       0.00       0.00       0.00      0.28
  227  SRS014613_WUGC_scaffold_32789/1328-1256          73        1       69     no     60.36   0.963       0.00       0.00       0.00      0.32
  228  4491411.3_NODE_2292/12166-12098                  69        1       69     no     60.23   0.980       0.00       0.00       0.00      0.27
  229  topACOD_F95O9CU01EQNT3/361-423                   63        1       69     no     55.03   0.995       0.00       0.00       0.00      0.37
  230  scaffold12257_11_MH0034/589-525                  65        1       69     no     64.75   0.994       0.00       0.00       0.00      0.27
  231  scaffold7862_2_MH0067/10080-10144                65        1       69     no     64.75   0.994       0.00       0.00       0.00      0.27
  232  SRS011134_C5168087/2051-2115                     65        1       69     no     64.75   0.994       0.00       0.00       0.00      0.27
  233  SRS019685_WUGC_scaffold_14409/411-475            65        1       69     no     64.75   0.994       0.00       0.00       0.00      0.27
  234  4491407.3_NODE_12617/8523-8587                   65        1       69     no     64.75   0.994       0.00       0.00       0.00      0.27
  235  NZ_DS499580.1/466353-466289                      65        1       69     no     64.75   0.994       0.00       0.00       0.00      0.27
  236  scaffold4652_9_MH0008/927-863                    65        1       69     no     64.75   0.994       0.00       0.00       0.00      0.27
  237  scaffold99943_1_V1.CD-13/3252-3316               65        1       69     no     64.75   0.994       0.00       0.00       0.00      0.27
  238  SRS018133_Baylor_scaffold_3418/589-525           65        1       69     no     64.75   0.994       0.00       0.00       0.00      0.27
  239  SRS024625_LANL_scaffold_23498/102-38             65        1       69     no     64.75   0.994       0.00       0.00       0.00      0.27
  240  NLM032_scaffold41293_5/1838-1902                 65        1       69     no     64.75   0.994       0.00       0.00       0.00      0.27
  241  AJWY01005482.1/272-208                           65        1       69     no     58.62   0.993       0.00       0.00       0.00      0.28
  242  scaffold5700_12_MH0071/8112-8048                 65        1       69     no     57.45   0.994       0.00       0.00       0.00      0.28
  243  scaffold47895_2_MH0051/566-630                   65        1       69     no     63.85   0.997       0.00       0.00       0.00      0.28
  244  SRS063040_Baylor_scaffold_20738/370-434          65        1       69     no     59.76   0.997       0.00       0.00       0.00      0.30
  245  4491407.3_NODE_2979/6355-6419                    65        1       69     no     62.63   0.994       0.00       0.00       0.00      0.26
  246  SRS016203_C1567008/141-206                       66        1       69     no     68.30   0.963       0.00       0.00       0.00      0.25
  247  SRS017521_C2797136/307-372                       66        1       69     no     56.17   0.962       0.00       0.00       0.00      0.28
  248  SRS014235_C3526264/713-648                       66        1       69     no     61.52   0.962       0.00       0.00       0.00      0.27
  249  MA40A_GDRVJ9S02I7AH5_left/87-21                  67        1       69     no     60.25   0.992       0.00       0.00       0.00      0.32
  250  RUMENNODE_3955907_1/33998-33918                  81        1       69     no     48.75   0.845       0.00       0.00       0.00      0.47
  251  NZ_AJWW01000041.1/33611-33543                    69        1       69     no     72.94   0.998       0.00       0.00       0.00      0.23
  252  AF_2010_repII_A1_10114911/9-79                   71        1       69     no     67.82   0.958       0.00       0.00       0.00      0.32
  253  2236876003_067320/90-151                         62        1       69     no     46.07   0.941       0.00       0.00       0.00      0.31
  254  AERA01001428.1/285-220                           66        1       69     no     69.24   0.981       0.00       0.00       0.00      0.29
  255  LWAnN_GIDYKCY01AG9SB/34-99                       66        1       69     no     58.24   0.961       0.00       0.00       0.00      0.30
  256  hsmat10_BHWZ5893_b1/722-791                      70        1       69     no     63.79   0.957       0.00       0.00       0.00      0.31
  257  hsmat10_BHWZ5893_g1/503-437                      67        1       69     no     62.54   0.989       0.00       0.00       0.00      0.28
  258  DelMOSum2010_c10035251/1479-1541                 63        1       69     no     66.39   0.987       0.00       0.00       0.00      0.31
  259  DelMOSum2011_c10024794/1368-1306                 63        1       69     no     66.39   0.987       0.00       0.00       0.00      0.31
  260  DelMOWin2010_c10242558/367-429                   63        1       69     no     66.39   0.987       0.00       0.00       0.00      0.31
  261  JGI20151J14362_10290302/230-292                  63        1       69     no     66.39   0.987       0.00       0.00       0.00      0.31
  262  JGI20158J14315_10753799/148-210                  63        1       69     no     66.39   0.987       0.00       0.00       0.00      0.31
  263  DelMOWin2010_c10058033/838-900                   63        1       69     no     63.00   0.987       0.00       0.00       0.00      0.31
  264  2236876006_041573/358-275                        84        1       69     no     66.08   0.885       0.00       0.00       0.00      0.49
  265  4491417.3_NODE_4069/8522-8456                    67        1       69     no     64.30   0.981       0.00       0.00       0.00      0.26
  266  scaffold16893_8_V1.UC-8/327-415                  89        1       69     no     55.48   0.901       0.00       0.00       0.00      0.45
  267  DelMOWin2010_c10614138/110-23                    88        1       69     no     64.95   0.885       0.00       0.00       0.00      0.44
  268  DelMOSum2010_c10011818/89-2                      88        1       69     no     68.40   0.885       0.00       0.00       0.00      0.40
  269  DelMOSum2010_c10017260/1271-1358                 88        1       69     no     68.40   0.885       0.00       0.00       0.00      0.40
  270  DelMOWin2010_c10272780/148-61                    88        1       69     no     68.40   0.885       0.00       0.00       0.00      0.40
  271  DelMOSum2011_c10000694/19722-19809               88        1       69     no     68.40   0.885       0.00       0.00       0.00      0.40
  272  DelMOWin2010_c10249793/182-95                    88        1       69     no     68.40   0.885       0.00       0.00       0.00      0.40
  273  DelMOWin2010_c10709957/156-92                    65        1       69     no     56.87   0.940       0.00       0.00       0.00      0.31
  274  ACOFG987_F36MELC02GYUUL/426-348                  79        1       69     no     61.03   0.923       0.00       0.00       0.00      0.37
  275  SRS024435_LANL_scaffold_24133/33321-33385        65        1       69     no     58.58   0.996       0.00       0.00       0.00      0.29
  276  scaffold89443_1_MH0081/4827-4763                 65        1       69     no     60.90   0.996       0.00       0.00       0.00      0.30
  277  SRS048870_WUGC_scaffold_51709/7350-7284          67        1       69     no     66.14   0.993       0.00       0.00       0.00      0.27
  278  TB_GS09_5_10008256/4403-4340                     64        1       69     no     46.08   0.992       0.00       0.00       0.00      0.34
  279  SRS011529_C4772227/2610-2674                     65        1       69     no     57.73   0.933       0.00       0.00       0.00      0.26
  280  JGI20158J14315_10065826/1401-1334                68        1       69     no     61.63   0.953       0.00       0.00       0.00      0.27
  281  DelMOWin2010_c10055187/1490-1555                 66        1       69     no     64.34   0.996       0.00       0.00       0.00      0.25
  282  SRS022071_C2801175/262-175                       88        1       69     no     58.61   0.954       0.00       0.00       0.00      0.41
  283  SRS012273_Baylor_scaffold_38229/3947-4034        88        1       69     no     58.61   0.954       0.00       0.00       0.00      0.41
  284  SRS015133_C3498907/1828-1915                     88        1       69     no     55.77   0.954       0.00       0.00       0.00      0.41
  285  SRS014235_WUGC_scaffold_114459/143-230           88        1       69     no     55.77   0.954       0.00       0.00       0.00      0.41
  286  scaffold42744_12_MH0013/394-307                  88        1       69     no     55.58   0.954       0.00       0.00       0.00      0.41
  287  C1325974_1_MH0023/7308-7378                      71        1       69     no     70.92   0.972       0.00       0.00       0.00      0.26
  288  DLF003_scaffold12321_4/5061-5131                 71        1       69     no     71.45   0.975       0.00       0.00       0.00      0.27
  289  SRS020233_C4155204/772-842                       71        1       69     no     69.91   0.974       0.00       0.00       0.00      0.27
  290  JGI20155J14468_10056111/557-627                  71        1       69     no     69.18   0.974       0.00       0.00       0.00      0.27
  291  JGI20158J14315_10110506/10-80                    71        1       69     no     69.18   0.974       0.00       0.00       0.00      0.27
  292  RUMENNODE_89257_1/9041-8964                      78        1       69     no     69.96   0.940       0.00       0.00       0.00      0.34
  293  ASLM90b_GN81PCX02IPWV7/191-117                   75        1       69     no     68.48   0.949       0.00       0.00       0.00      0.34
  294  LV_Brine_h2_0102_1010340/462-534                 73        1       69     no     56.39   0.961       0.00       0.00       0.00      0.37
  295  ADL5mRS1u_GM034OG01EIKMO/85-157                  73        1       69     no     57.39   0.961       0.00       0.00       0.00      0.37
  296  JGI1221J11331_1057286/504-576                    73        1       69     no     59.84   0.955       0.00       0.00       0.00      0.37
  297  JGI24024J18818_10000488/1649-1581                69        1       69     no     62.64   0.976       0.00       0.00       0.00      0.29
  298  ASHM485B_GQ8TDHF02FWZEL/262-199                  64        1       69     no     55.91   0.919       0.00       0.00       0.00      0.32
  299  DelMOWin2010_c10013628/3824-3760                 65        1       69     no     70.34   0.995       0.00       0.00       0.00      0.28
  300  2236876002_164921/139-75                         65        1       69     no     53.05   0.975       0.00       0.00       0.00      0.34
  301  2236876003_101657/138-202                        65        1       69     no     53.05   0.975       0.00       0.00       0.00      0.34
  302  2006871029/359-294                               66        1       69     no     74.03   0.999       0.00       0.00       0.00      0.26
  303  UnmappedStool_Broad_C251279463/274-209           66        1       69     no     66.29   0.936       0.00       0.00       0.00      0.23
  304  SRS015133_C3492983/1531-1466                     66        1       69     no     66.29   0.936       0.00       0.00       0.00      0.23
  305  JCVI_READ_1108839481978/556-618                  63        1       69     no     64.48   0.987       0.00       0.00       0.00      0.28
  306  DelMOSum2010_c10628547/165-234                   70        1       69     no     67.34   0.884       0.00       0.00       0.00      0.28
  307  DelMOSum2011_c10002587/6679-6748                 70        1       69     no     67.34   0.884       0.00       0.00       0.00      0.28
  308  DelMOSum2011_c10018819/985-1053                  69        1       69     no     74.27   0.998       0.00       0.00       0.00      0.31
  309  ASLM20b_GJMWM0N02IP29K/38-103                    66        1       69     no     64.73   0.986       0.00       0.00       0.00      0.32
  310  ABLZ01250225.1/97-32                             66        1       69     no     67.73   0.972       0.00       0.00       0.00      0.28
  311  ASMM170b_GJFD58A01C74LO/294-206                  89        1       69     no     54.08   0.982       0.00       0.00       0.00      0.60
  312  SL_3KL_010_SED_10391456/43-101                   59        1       69     no     46.67   0.941       0.00       0.00       0.00      0.42
  313  TDF_OR_ARG04_123m_c1019785/442-382               61        1       69     no     57.24   0.977       0.00       0.00       0.00      0.30
  314  ASLM90b_GJFDWOI02IPSOJ/163-99                    65        1       69     no     66.76   0.981       0.00       0.00       0.00      0.29
  315  ASHM260b_GM9OZ8V02I02WD/103-164                  62        1       69     no     48.93   0.975       0.00       0.00       0.00      0.41
  316  scaffold21532_9_MH0024/1820-1747                 74        1       69     no     61.70   0.954       0.00       0.00       0.00      0.33
  317  scaffold71276_3_MH0053/2386-2313                 74        1       69     no     65.84   0.958       0.00       0.00       0.00      0.31
  318  DelMOSum2011_c10047554/181-105                   77        1       69     no     68.70   0.930       0.00       0.00       0.00      0.31
  319  scaffold73984_2_MH0009/991-921                   71        1       69     no     65.86   0.968       0.00       0.00       0.00      0.27
  320  SRS011529_C4584461/146-213                       68        1       69     no     68.52   0.980       0.00       0.00       0.00      0.27
  321  SRS015217_C2357170/1665-1601                     65        1       69     no     76.70   0.999       0.00       0.00       0.00      0.22
  322  scaffold93252_1_MH0062/176-112                   65        1       69     no     75.39   0.997       0.00       0.00       0.00      0.24
  323  scaffold10989_4_MH0056/205-141                   65        1       69     no     75.39   0.997       0.00       0.00       0.00      0.24
  324  4491416.3_NODE_2658/1504-1569                    66        1       69     no     72.24   0.977       0.00       0.00       0.00      0.23
  325  SRS013521_LANL_scaffold_21007/603-528            76        1       69     no     67.49   0.946       0.00       0.00       0.00      0.29
  326  SRS021484_C1946977/152-77                        76        1       69     no     67.49   0.946       0.00       0.00       0.00      0.29
  327  scaffold22826_1_MH0012/3-78                      76        1       69     no     67.49   0.946       0.00       0.00       0.00      0.29
  328  4448816.3_Contig469/822-747                      76        1       69     no     69.12   0.946       0.00       0.00       0.00      0.29
  329  4448819.3_Contig4499/822-747                     76        1       69     no     69.12   0.946       0.00       0.00       0.00      0.29
  330  4448813.3_Contig11926/524-448                    77        1       69     no     62.66   0.902       0.00       0.00       0.00      0.32
  331  4448807.3_Contig2747/179-254                     76        1       69     no     69.12   0.946       0.00       0.00       0.00      0.29
  332  4448815.3_Contig2126/1450-1525                   76        1       69     no     69.12   0.946       0.00       0.00       0.00      0.29
  333  4448818.3_Contig1079/1495-1420                   76        1       69     no     69.12   0.946       0.00       0.00       0.00      0.29
  334  4491416.3_NODE_317/3064-2989                     76        1       69     no     69.12   0.946       0.00       0.00       0.00      0.29
  335  4448808.3_Contig243/1489-1414                    76        1       69     no     69.12   0.946       0.00       0.00       0.00      0.29
  336  DOM014_scaffold44866_2/3240-3165                 76        1       69     no     71.53   0.884       0.00       0.00       0.00      0.28
  337  NLM025_scaffold38316_4/383-458                   76        1       69     no     71.53   0.884       0.00       0.00       0.00      0.28
  338  SRS013951_WUGC_scaffold_67150/377-452            76        1       69     no     71.53   0.884       0.00       0.00       0.00      0.28
  339  NOF004_scaffold6087_8/57-124                     68        1       69     no     76.32   0.957       0.00       0.00       0.00      0.21
  340  NZ_KE159704.1/6574-6647                          74        1       69     no     73.29   0.942       0.00       0.00       0.00      0.25
  341  scaffold3214_5_MH0011/540-465                    76        1       69     no     68.07   0.884       0.00       0.00       0.00      0.30
  342  scaffold51479_1_MH0056/140-65                    76        1       69     no     72.95   0.885       0.00       0.00       0.00      0.27
  343  scaffold19359_1_MH0077/714-639                   76        1       69     no     73.99   0.885       0.00       0.00       0.00      0.27
  344  scaffold16226_3_MH0067/1129-1204                 76        1       69     no     73.99   0.885       0.00       0.00       0.00      0.27
  345  DLM018_scaffold46606_3/3219-3144                 76        1       69     no     64.02   0.868       0.00       0.00       0.00      0.30
  346  NLF009_scaffold8199_1/130-55                     76        1       69     no     73.98   0.884       0.00       0.00       0.00      0.25
  347  scaffold27792_1_V1.UC-9/140-65                   76        1       69     no     73.98   0.884       0.00       0.00       0.00      0.25
  348  SRS011302_Baylor_scaffold_6226/3204-3129         76        1       69     no     73.98   0.884       0.00       0.00       0.00      0.25
  349  NOM012_C821373_1/2381-2306                       76        1       69     no     73.98   0.884       0.00       0.00       0.00      0.25
  350  scaffold12025_2_V1.CD-3/334-259                  76        1       69     no     73.98   0.884       0.00       0.00       0.00      0.25
  351  scaffold46565_1_V1.CD-9/130-202                  73        1       69     no     68.39   0.964       0.00       0.00       0.00      0.23
  352  4491416.3_NODE_271/2984-2909                     76        1       69     no     68.49   0.947       0.00       0.00       0.00      0.27
  353  SRS077730_C1456660/2670-2595                     76        1       69     no     71.53   0.947       0.00       0.00       0.00      0.28
  354  SRS016495_LANL_scaffold_2590/362-287             76        1       69     no     71.53   0.947       0.00       0.00       0.00      0.28
  355  SRS020233_C4021044/171-97                        75        1       69     no     66.16   0.949       0.00       0.00       0.00      0.30
  356  SRS050422_LANL_scaffold_40342/580-506            75        1       69     no     66.16   0.949       0.00       0.00       0.00      0.30
  357  SRS056259_LANL_scaffold_31437/841-767            75        1       69     no     66.16   0.949       0.00       0.00       0.00      0.30
  358  scaffold37074_1_O2.UC-22/433-359                 75        1       69     no     66.16   0.949       0.00       0.00       0.00      0.30
  359  SRS018351_Baylor_scaffold_18532/171-97           75        1       69     no     66.16   0.949       0.00       0.00       0.00      0.30
  360  SRS045713_WUGC_scaffold_40966/1574-1648          75        1       69     no     66.16   0.949       0.00       0.00       0.00      0.30
  361  SRS053398_LANL_scaffold_36340/13824-13898        75        1       69     no     66.16   0.949       0.00       0.00       0.00      0.30
  362  SRS015133_WUGC_scaffold_33885/5109-5035          75        1       69     no     66.16   0.949       0.00       0.00       0.00      0.30
  363  4448818.3_Contig13044/677-605                    73        1       69     no     76.43   0.957       0.00       0.00       0.00      0.26
  364  4448817.3_Contig6846/255-327                     73        1       69     no     76.43   0.957       0.00       0.00       0.00      0.26
  365  SRS014683_WUGC_scaffold_28351/6705-6777          73        1       69     no     76.11   0.953       0.00       0.00       0.00      0.28
  366  scaffold36763_1_V1.CD-9/319-247                  73        1       69     no     71.65   0.952       0.00       0.00       0.00      0.26
  367  scaffold4132_5_MH0074/2628-2556                  73        1       69     no     76.10   0.953       0.00       0.00       0.00      0.26
  368  SRS013158_C631235/398-326                        73        1       69     no     76.10   0.953       0.00       0.00       0.00      0.26
  369  SRS017433_C1668090/139-67                        73        1       69     no     76.10   0.953       0.00       0.00       0.00      0.26
  370  SRS019910_C1704004/248-176                       73        1       69     no     76.10   0.953       0.00       0.00       0.00      0.26
  371  SRS049712_C15583557/172-100                      73        1       69     no     76.10   0.953       0.00       0.00       0.00      0.26
  372  SRS053335_LANL_scaffold_27679/49-121             73        1       69     no     76.10   0.953       0.00       0.00       0.00      0.26
  373  SRS077730_LANL_scaffold_2850/3113-3041           73        1       69     no     76.10   0.953       0.00       0.00       0.00      0.26
  374  4448812.3_Contig29823/586-514                    73        1       69     no     76.10   0.953       0.00       0.00       0.00      0.26
  375  SRS018313_C7913502/91-19                         73        1       69     no     76.10   0.953       0.00       0.00       0.00      0.26
  376  DLF007_scaffold4764_3/532-460                    73        1       69     no     76.10   0.953       0.00       0.00       0.00      0.26
  377  NLM023_scaffold42718_3/2380-2452                 73        1       69     no     76.10   0.953       0.00       0.00       0.00      0.26
  378  NZ_KE992186.1/2684-2612                          73        1       69     no     76.10   0.953       0.00       0.00       0.00      0.26
  379  BAAU01010303.1/537-465                           73        1       69     no     76.10   0.953       0.00       0.00       0.00      0.26
  380  scaffold16488_2_V1.CD-1/2621-2549                73        1       69     no     76.10   0.953       0.00       0.00       0.00      0.26
  381  SRS014287_WUGC_scaffold_37180/1746-1818          73        1       69     no     76.10   0.953       0.00       0.00       0.00      0.26
  382  SRS017521_Baylor_scaffold_10733/2931-2859        73        1       69     no     76.10   0.953       0.00       0.00       0.00      0.26
  383  SRS024388_C1491883/75-3                          73        1       69     no     76.10   0.953       0.00       0.00       0.00      0.26
  384  SRS051882_C2469932/419-347                       73        1       69     no     76.10   0.953       0.00       0.00       0.00      0.26
  385  SRS054590_C694623/89-17                          73        1       69     no     76.10   0.953       0.00       0.00       0.00      0.26
  386  4448807.3_Contig29521/467-395                    73        1       69     no     76.10   0.953       0.00       0.00       0.00      0.26
  387  4491412.3_NODE_75214/575-503                     73        1       69     no     76.10   0.953       0.00       0.00       0.00      0.26
  388  UnmappedStool_Broad_scaffold_133430/67-139       73        1       69     no     76.10   0.953       0.00       0.00       0.00      0.26
  389  NLM003_scaffold23223_2/304-232                   73        1       69     no     76.10   0.953       0.00       0.00       0.00      0.26
  390  BAAU01005155.1/240-168                           73        1       69     no     76.10   0.953       0.00       0.00       0.00      0.26
  391  SRS021484_C2031157/186-258                       73        1       69     no     75.49   0.953       0.00       0.00       0.00      0.23
  392  NOF008_C863887_1/2743-2671                       73        1       69     no     75.49   0.953       0.00       0.00       0.00      0.23
  393  scaffold15378_1_MH0063/3572-3644                 73        1       69     no     75.49   0.953       0.00       0.00       0.00      0.23
  394  scaffold17057_1_MH0003/1602-1676                 75        1       69     no     62.14   0.950       0.00       0.00       0.00      0.29
  395  SRS045713_WUGC_scaffold_23280/304-230            75        1       69     no     74.44   0.950       0.00       0.00       0.00      0.25
  396  scaffold16686_4_O2.UC-22/2859-2785               75        1       69     no     74.87   0.950       0.00       0.00       0.00      0.24
  397  scaffold16953_3_MH0023/513-439                   75        1       69     no     74.87   0.950       0.00       0.00       0.00      0.24
  398  scaffold3945_4_MH0036/232-158                    75        1       69     no     70.50   0.950       0.00       0.00       0.00      0.26
  399  SRS019397_WUGC_scaffold_29867/482-556            75        1       69     no     75.25   0.947       0.00       0.00       0.00      0.25
  400  SRS049164_WUGC_scaffold_32301/160-86             75        1       69     no     75.25   0.947       0.00       0.00       0.00      0.25
  401  scaffold6251_4_V1.UC-19/3218-3292                75        1       69     no     75.25   0.947       0.00       0.00       0.00      0.25
  402  DLM021_scaffold43216_3/2881-2807                 75        1       69     no     70.17   0.950       0.00       0.00       0.00      0.26
  403  scaffold23281_2_V1.CD-13/1553-1627               75        1       69     no     74.88   0.950       0.00       0.00       0.00      0.26
  404  scaffold746_3_MH0065/683-609                     75        1       69     no     73.71   0.950       0.00       0.00       0.00      0.26
  405  scaffold39251_4_MH0042/221-295                   75        1       69     no     73.71   0.950       0.00       0.00       0.00      0.26
  406  scaffold27612_3_V1.CD-4/1762-1836                75        1       69     no     68.04   0.950       0.00       0.00       0.00      0.26
  407  DOF009_scaffold13408_6/1275-1349                 75        1       69     no     75.36   0.950       0.00       0.00       0.00      0.25
  408  scaffold22646_1_MH0062/5019-5093                 75        1       69     no     75.36   0.950       0.00       0.00       0.00      0.25
  409  4491410.3_NODE_9399/731-805                      75        1       69     no     75.36   0.950       0.00       0.00       0.00      0.25
  410  SRS015065_WUGC_scaffold_6355/1185-1111           75        1       69     no     75.36   0.950       0.00       0.00       0.00      0.25
  411  C1639909_1_MH0013/2411-2485                      75        1       69     no     74.93   0.950       0.00       0.00       0.00      0.26
  412  scaffold35204_1_MH0026/6725-6799                 75        1       69     no     74.93   0.950       0.00       0.00       0.00      0.26
  413  scaffold14141_3_MH0045/883-809                   75        1       69     no     74.93   0.950       0.00       0.00       0.00      0.26
  414  scaffold14922_1_MH0051/1052-978                  75        1       69     no     74.93   0.950       0.00       0.00       0.00      0.26
  415  scaffold28718_1_MH0056/1344-1418                 75        1       69     no     74.93   0.950       0.00       0.00       0.00      0.26
  416  scaffold16641_4_MH0063/1234-1308                 75        1       69     no     74.93   0.950       0.00       0.00       0.00      0.26
  417  scaffold50632_1_MH0072/2798-2724                 75        1       69     no     74.93   0.950       0.00       0.00       0.00      0.26
  418  scaffold26930_1_MH0086/3060-3134                 75        1       69     no     74.93   0.950       0.00       0.00       0.00      0.26
  419  scaffold14063_1_O2.UC-13/618-692                 75        1       69     no     74.93   0.950       0.00       0.00       0.00      0.26
  420  scaffold9014_1_V1.UC-21/5176-5102                75        1       69     no     74.93   0.950       0.00       0.00       0.00      0.26
  421  SRS013521_C1473310/283-209                       75        1       69     no     74.93   0.950       0.00       0.00       0.00      0.26
  422  SRS014923_WUGC_scaffold_18994/351-277            75        1       69     no     74.93   0.950       0.00       0.00       0.00      0.26
  423  SRS015578_WUGC_scaffold_46056/4-78               75        1       69     no     74.93   0.950       0.00       0.00       0.00      0.26
  424  SRS016753_C1004072/106-32                        75        1       69     no     74.93   0.950       0.00       0.00       0.00      0.26
  425  SRS018656_WUGC_scaffold_4438/1346-1420           75        1       69     no     74.93   0.950       0.00       0.00       0.00      0.26
  426  SRS019030_Baylor_scaffold_4127/1436-1362         75        1       69     no     74.93   0.950       0.00       0.00       0.00      0.26
  427  SRS020233_C4124420/569-495                       75        1       69     no     74.93   0.950       0.00       0.00       0.00      0.26
  428  SRS022137_WUGC_scaffold_54468/1-75               75        1       69     no     74.93   0.950       0.00       0.00       0.00      0.26
  429  SRS024140_C1155035/4-78                          75        1       69     no     74.93   0.950       0.00       0.00       0.00      0.26
  430  SRS024331_C2277201/654-580                       75        1       69     no     74.93   0.950       0.00       0.00       0.00      0.26
  431  SRS043001_WUGC_scaffold_39924/4892-4966          75        1       69     no     74.93   0.950       0.00       0.00       0.00      0.26
  432  SRS043701_LANL_scaffold_3334/4103-4177           75        1       69     no     74.93   0.950       0.00       0.00       0.00      0.26
  433  SRS047014_WUGC_scaffold_8364/568-494             75        1       69     no     74.93   0.950       0.00       0.00       0.00      0.26
  434  SRS049959_WUGC_scaffold_13587/148-74             75        1       69     no     74.93   0.950       0.00       0.00       0.00      0.26
  435  SRS050422_C2652729/350-276                       75        1       69     no     74.93   0.950       0.00       0.00       0.00      0.26
  436  SRS055982_Baylor_scaffold_18182/2424-2498        75        1       69     no     74.93   0.950       0.00       0.00       0.00      0.26
  437  SRS056519_LANL_scaffold_26674/175-249            75        1       69     no     74.93   0.950       0.00       0.00       0.00      0.26
  438  4491403.3_NODE_55271/869-795                     75        1       69     no     74.93   0.950       0.00       0.00       0.00      0.26
  439  4491406.3_NODE_1145/3347-3421                    75        1       69     no     74.93   0.950       0.00       0.00       0.00      0.26
  440  4491490.3_NODE_16285/849-775                     75        1       69     no     74.93   0.950       0.00       0.00       0.00      0.26
  441  SRS018313_C7946792/403-329                       75        1       69     no     74.93   0.950       0.00       0.00       0.00      0.26
  442  DLM008_scaffold52843_6/2531-2605                 75        1       69     no     74.93   0.950       0.00       0.00       0.00      0.26
  443  DOF003_scaffold44130_1/2955-2881                 75        1       69     no     74.93   0.950       0.00       0.00       0.00      0.26
  444  DOM019_scaffold39498_1/41-115                    75        1       69     no     74.93   0.950       0.00       0.00       0.00      0.26
  445  NLF007_scaffold29958_4/611-685                   75        1       69     no     74.93   0.950       0.00       0.00       0.00      0.26
  446  NOF001_scaffold54568_1/3115-3189                 75        1       69     no     74.93   0.950       0.00       0.00       0.00      0.26
  447  scaffold8481_1_MH0003/2623-2549                  75        1       69     no     74.93   0.950       0.00       0.00       0.00      0.26
  448  scaffold735_1_MH0010/850-776                     75        1       69     no     74.93   0.950       0.00       0.00       0.00      0.26
  449  scaffold11923_1_MH0019/841-767                   75        1       69     no     74.93   0.950       0.00       0.00       0.00      0.26
  450  scaffold65080_1_MH0043/147-73                    75        1       69     no     74.93   0.950       0.00       0.00       0.00      0.26
  451  scaffold2163_1_MH0049/357-283                    75        1       69     no     74.93   0.950       0.00       0.00       0.00      0.26
  452  scaffold13134_2_MH0054/2639-2713                 75        1       69     no     74.93   0.950       0.00       0.00       0.00      0.26
  453  scaffold13243_2_MH0061/2157-2231                 75        1       69     no     74.93   0.950       0.00       0.00       0.00      0.26
  454  scaffold18069_1_MH0070/753-679                   75        1       69     no     74.93   0.950       0.00       0.00       0.00      0.26
  455  scaffold16621_3_MH0082/2549-2475                 75        1       69     no     74.93   0.950       0.00       0.00       0.00      0.26
  456  scaffold3326_3_O2.UC-12/540-466                  75        1       69     no     74.93   0.950       0.00       0.00       0.00      0.26
  457  scaffold23498_1_V1.CD-6/2594-2520                75        1       69     no     74.93   0.950       0.00       0.00       0.00      0.26
  458  SRS011302_Baylor_scaffold_23062/749-675          75        1       69     no     74.93   0.950       0.00       0.00       0.00      0.26
  459  SRS014683_WUGC_scaffold_49092/1009-935           75        1       69     no     74.93   0.950       0.00       0.00       0.00      0.26
  460  SRS015133_WUGC_scaffold_1367/1312-1238           75        1       69     no     74.93   0.950       0.00       0.00       0.00      0.26
  461  SRS015960_WUGC_scaffold_17464/1618-1544          75        1       69     no     74.93   0.950       0.00       0.00       0.00      0.26
  462  SRS016989_Baylor_scaffold_18599/1116-1042        75        1       69     no     74.93   0.950       0.00       0.00       0.00      0.26
  463  SRS018817_C1899582/152-78                        75        1       69     no     74.93   0.950       0.00       0.00       0.00      0.26
  464  SRS019161_WUGC_scaffold_8094/130-56              75        1       69     no     74.93   0.950       0.00       0.00       0.00      0.26
  465  SRS020328_Baylor_scaffold_9152/149-75            75        1       69     no     74.93   0.950       0.00       0.00       0.00      0.26
  466  SRS022609_C3286270/542-616                       75        1       69     no     74.93   0.950       0.00       0.00       0.00      0.26
  467  SRS024265_LANL_scaffold_14801/550-476            75        1       69     no     74.93   0.950       0.00       0.00       0.00      0.26
  468  SRS024435_C2913683/357-283                       75        1       69     no     74.93   0.950       0.00       0.00       0.00      0.26
  469  SRS043411_WUGC_scaffold_12018/162-88             75        1       69     no     74.93   0.950       0.00       0.00       0.00      0.26
  470  SRS045004_LANL_scaffold_6499/168-242             75        1       69     no     74.93   0.950       0.00       0.00       0.00      0.26
  471  SRS048870_WUGC_scaffold_563/452-378              75        1       69     no     74.93   0.950       0.00       0.00       0.00      0.26
  472  SRS049995_C2607205/1008-1082                     75        1       69     no     74.93   0.950       0.00       0.00       0.00      0.26
  473  SRS053398_LANL_scaffold_24587/4575-4649          75        1       69     no     74.93   0.950       0.00       0.00       0.00      0.26
  474  SRS056259_C1823484/564-490                       75        1       69     no     74.93   0.950       0.00       0.00       0.00      0.26
  475  SRS063985_LANL_scaffold_6642/4962-5036           75        1       69     no     74.93   0.950       0.00       0.00       0.00      0.26
  476  4491404.3_NODE_101022/156-82                     75        1       69     no     74.93   0.950       0.00       0.00       0.00      0.26
  477  4491413.3_NODE_3682/762-688                      75        1       69     no     74.93   0.950       0.00       0.00       0.00      0.26
  478  AJWY01008955.1/340-266                           75        1       69     no     74.93   0.950       0.00       0.00       0.00      0.26
  479  DLF005_C844998_1/603-529                         75        1       69     no     74.93   0.950       0.00       0.00       0.00      0.26
  480  DLM019_scaffold3304_3/840-766                    75        1       69     no     74.93   0.950       0.00       0.00       0.00      0.26
  481  DOM018_C487957_1/440-366                         75        1       69     no     74.93   0.950       0.00       0.00       0.00      0.26
  482  DOM024_scaffold48869_2/568-494                   75        1       69     no     74.93   0.950       0.00       0.00       0.00      0.26
  483  NLM026_scaffold3819_1/1293-1219                  75        1       69     no     74.93   0.950       0.00       0.00       0.00      0.26
  484  NOF014_scaffold33559_3/1011-937                  75        1       69     no     74.93   0.950       0.00       0.00       0.00      0.26
  485  scaffold9816_2_MH0002/81-7                       75        1       69     no     74.93   0.950       0.00       0.00       0.00      0.26
  486  DOM024_scaffold49174_6/2555-2481                 75        1       69     no     58.49   0.950       0.00       0.00       0.00      0.32
  487  DOM013_scaffold24076_1/1871-1797                 75        1       69     no     65.57   0.950       0.00       0.00       0.00      0.32
  488  NLM021_scaffold28957_2/1159-1085                 75        1       69     no     65.57   0.950       0.00       0.00       0.00      0.32
  489  scaffold2180_3_MH0030/290-216                    75        1       69     no     65.57   0.950       0.00       0.00       0.00      0.32
  490  DOF014_scaffold20463_18/1226-1300                75        1       69     no     65.57   0.950       0.00       0.00       0.00      0.32
  491  DOM018_scaffold36502_2/237-163                   75        1       69     no     65.57   0.950       0.00       0.00       0.00      0.32
  492  4491413.3_NODE_69877/6336-6410                   75        1       69     no     65.57   0.950       0.00       0.00       0.00      0.32
  493  scaffold36536_1_MH0014/1502-1437                 66        1       69     no     74.39   0.948       0.00       0.00       0.00      0.23
  494  SRS023583_C1295014/164-228                       65        1       69     no     71.54   0.991       0.00       0.00       0.00      0.23
  495  SRS014979_WUGC_scaffold_36161/98-34              65        1       69     no     71.54   0.991       0.00       0.00       0.00      0.23
  496  scaffold14267_1_MH0048/138-74                    65        1       69     no     76.67   0.976       0.00       0.00       0.00      0.23
  497  SRS050925_C1937685/123-52                        72        1       69     no     71.60   0.961       0.00       0.00       0.00      0.25
  498  SRS014923_WUGC_scaffold_4242/181-252             72        1       69     no     71.60   0.961       0.00       0.00       0.00      0.25
  499  SRS019161_WUGC_scaffold_5535/127-56              72        1       69     no     75.71   0.961       0.00       0.00       0.00      0.23
  500  4491487.3_NODE_10421/138-67                      72        1       69     no     75.71   0.961       0.00       0.00       0.00      0.23
  501  SRS017521_Baylor_scaffold_51669/2514-2585        72        1       69     no     75.71   0.961       0.00       0.00       0.00      0.23
  502  SRS019601_WUGC_scaffold_17274/108-172            65        1       69     no     74.01   0.974       0.00       0.00       0.00      0.23
  503  4491417.3_NODE_6285/429-365                      65        1       69     no     78.53   0.998       0.00       0.00       0.00      0.22
  504  DLM017_scaffold43823_2/193-257                   65        1       69     no     77.31   0.990       0.00       0.00       0.00      0.23
  505  scaffold51261_1_MH0040/72-8                      65        1       69     no     72.70   0.994       0.00       0.00       0.00      0.23
  506  scaffold62191_2_MH0031/580-516                   65        1       69     no     72.70   0.994       0.00       0.00       0.00      0.23
  507  scaffold56403_1_V1.UC-9/72-8                     65        1       69     no     76.06   0.994       0.00       0.00       0.00      0.23
  508  4491409.3_NODE_9787/19967-20031                  65        1       69     no     76.06   0.994       0.00       0.00       0.00      0.23
  509  scaffold90201_1_V1.UC-10/9817-9753               65        1       69     no     76.06   0.994       0.00       0.00       0.00      0.23
  510  4491412.3_NODE_4292/9274-9210                    65        1       69     no     74.84   0.976       0.00       0.00       0.00      0.23
  511  C1639659_1_MH0013/136-72                         65        1       69     no     76.06   0.976       0.00       0.00       0.00      0.23
  512  SRS063040_C3357711/5730-5666                     65        1       69     no     75.88   0.976       0.00       0.00       0.00      0.23
  513  4491487.3_NODE_18077/170-106                     65        1       69     no     75.88   0.976       0.00       0.00       0.00      0.23
  514  scaffold7658_4_MH0035/590-526                    65        1       69     no     75.88   0.976       0.00       0.00       0.00      0.23
  515  scaffold6061_1_MH0060/875-811                    65        1       69     no     75.88   0.976       0.00       0.00       0.00      0.23
  516  4491405.3_NODE_5892/1722-1658                    65        1       69     no     75.88   0.976       0.00       0.00       0.00      0.23
  517  scaffold17355_1_MH0050/417-481                   65        1       69     no     75.88   0.976       0.00       0.00       0.00      0.23
  518  4491482.3_NODE_4865/8086-8022                    65        1       69     no     75.79   0.991       0.00       0.00       0.00      0.22
  519  scaffold2229_2_MH0071/5418-5482                  65        1       69     no     75.79   0.991       0.00       0.00       0.00      0.22
  520  scaffold82103_1_V1.UC-6/181-245                  65        1       69     no     69.89   0.975       0.00       0.00       0.00      0.24
  521  SRS048164_WUGC_scaffold_40349/180-244            65        1       69     no     75.55   0.976       0.00       0.00       0.00      0.23
  522  SRS014923_WUGC_scaffold_45614/351-287            65        1       69     no     77.10   0.976       0.00       0.00       0.00      0.23
  523  SRS042628_WUGC_scaffold_24246/11799-11863        65        1       69     no     77.10   0.976       0.00       0.00       0.00      0.23
  524  scaffold10216_6_O2.UC-14/152-216                 65        1       69     no     77.10   0.976       0.00       0.00       0.00      0.23
  525  scaffold15338_2_V1.CD-3/420-356                  65        1       69     no     79.42   0.993       0.00       0.00       0.00      0.23
  526  SRS022137_WUGC_scaffold_54733/5998-5934          65        1       69     no     79.91   0.994       0.00       0.00       0.00      0.23
  527  scaffold5551_4_MH0027/628-564                    65        1       69     no     79.91   0.994       0.00       0.00       0.00      0.23
  528  BAAV01005253.1/703-639                           65        1       69     no     73.99   0.974       0.00       0.00       0.00      0.24
  529  scaffold40621_2_MH0051/466-402                   65        1       69     no     77.72   0.974       0.00       0.00       0.00      0.23
  530  scaffold83585_1_O2.UC-20/138-74                  65        1       69     no     77.72   0.974       0.00       0.00       0.00      0.23
  531  scaffold6849_1_V1.CD-4/709-645                   65        1       69     no     77.72   0.974       0.00       0.00       0.00      0.23
  532  scaffold279_1_V1.UC-13/128-64                    65        1       69     no     77.72   0.974       0.00       0.00       0.00      0.23
  533  SRS011586_WUGC_scaffold_9735/145-209             65        1       69     no     77.72   0.974       0.00       0.00       0.00      0.23
  534  SRS014979_WUGC_scaffold_4906/966-902             65        1       69     no     77.72   0.974       0.00       0.00       0.00      0.23
  535  SRS019161_WUGC_scaffold_21086/557-493            65        1       69     no     77.72   0.974       0.00       0.00       0.00      0.23
  536  NLM004_scaffold37133_1/1073-1009                 65        1       69     no     77.72   0.974       0.00       0.00       0.00      0.23
  537  scaffold39050_2_MH0009/115-51                    65        1       69     no     77.72   0.974       0.00       0.00       0.00      0.23
  538  scaffold12259_2_MH0026/8327-8263                 65        1       69     no     77.72   0.974       0.00       0.00       0.00      0.23
  539  scaffold9081_4_O2.UC-19/487-423                  65        1       69     no     77.72   0.974       0.00       0.00       0.00      0.23
  540  scaffold7614_1_V1.CD-13/1039-975                 65        1       69     no     77.72   0.974       0.00       0.00       0.00      0.23
  541  scaffold725_1_V1.CD-8/649-585                    65        1       69     no     77.72   0.974       0.00       0.00       0.00      0.23
  542  scaffold18490_7_V1.UC-21/434-498                 65        1       69     no     77.72   0.974       0.00       0.00       0.00      0.23
  543  SRS014235_C3326991/456-392                       65        1       69     no     77.72   0.974       0.00       0.00       0.00      0.23
  544  SRS016095_C2377839/108-44                        65        1       69     no     77.72   0.974       0.00       0.00       0.00      0.23
  545  SRS065504_LANL_scaffold_53908/5711-5775          65        1       69     no     77.72   0.974       0.00       0.00       0.00      0.23
  546  scaffold61968_1_MH0015/5570-5506                 65        1       69     no     77.72   0.974       0.00       0.00       0.00      0.23
  547  SRS012273_Baylor_scaffold_13690/11354-11290      65        1       69     no     77.03   0.976       0.00       0.00       0.00      0.23
  548  SRS024265_LANL_scaffold_26434/1665-1729          65        1       69     no     77.03   0.976       0.00       0.00       0.00      0.23
  549  SRS011302_C3321159/98-34                         65        1       69     no     77.03   0.976       0.00       0.00       0.00      0.23
  550  scaffold5380_3_V1.CD-14/110-174                  65        1       69     no     79.92   0.976       0.00       0.00       0.00      0.23
  551  SRS015782_WUGC_scaffold_41085/2782-2718          65        1       69     no     79.92   0.976       0.00       0.00       0.00      0.23
  552  NLM015_scaffold6250_1/293-357                    65        1       69     no     79.92   0.976       0.00       0.00       0.00      0.23
  553  scaffold85450_2_MH0038/390-454                   65        1       69     no     79.92   0.976       0.00       0.00       0.00      0.23
  554  scaffold18159_2_MH0064/2851-2787                 65        1       69     no     79.92   0.976       0.00       0.00       0.00      0.23
  555  scaffold12054_1_V1.UC-14/2729-2665               65        1       69     no     79.92   0.976       0.00       0.00       0.00      0.23
  556  SRS053335_LANL_scaffold_23543/1523-1459          65        1       69     no     79.92   0.976       0.00       0.00       0.00      0.23
  557  scaffold10203_1_MH0052/673-737                   65        1       69     no     79.92   0.976       0.00       0.00       0.00      0.23
  558  NOM019_scaffold52949_1/563-627                   65        1       69     no     77.03   0.994       0.00       0.00       0.00      0.23
  559  RUMENNODE_3864222_1/30429-30365                  65        1       69     no     66.02   0.996       0.00       0.00       0.00      0.25
  560  08_19_CONTROL_DNA_scaffold54303_5/2049-2113      65        1       69     no     77.27   0.998       0.00       0.00       0.00      0.23
  561  2204639430/400-336                               65        1       69     no     78.66   0.999       0.00       0.00       0.00      0.22
  562  SRS015065_WUGC_scaffold_36847/525-454            72        1       69     no     73.33   0.959       0.00       0.00       0.00      0.25
  563  DLF006_scaffold4565_8/4630-4701                  72        1       69     no     68.41   0.959       0.00       0.00       0.00      0.26
  564  NLM015_scaffold6321_4/311-382                    72        1       69     no     63.20   0.959       0.00       0.00       0.00      0.26
  565  DOF014_scaffold36311_12/110-39                   72        1       69     no     63.20   0.959       0.00       0.00       0.00      0.26
  566  DOM013_scaffold4693_2/1599-1670                  72        1       69     no     63.20   0.959       0.00       0.00       0.00      0.26
  567  NOF012_scaffold53836_1/914-843                   72        1       69     no     63.20   0.959       0.00       0.00       0.00      0.26
  568  scaffold22294_1_MH0006/851-922                   72        1       69     no     63.20   0.959       0.00       0.00       0.00      0.26
  569  NOM019_scaffold42739_2/984-913                   72        1       69     no     63.01   0.959       0.00       0.00       0.00      0.26
  570  DOM019_scaffold1297_6/110-39                     72        1       69     no     63.01   0.959       0.00       0.00       0.00      0.26
  571  SRS019582_WUGC_scaffold_23897/137-66             72        1       69     no     68.12   0.959       0.00       0.00       0.00      0.25
  572  SRS078176_LANL_scaffold_4531/2715-2786           72        1       69     no     68.12   0.959       0.00       0.00       0.00      0.25
  573  4491482.3_NODE_62541/3778-3707                   72        1       69     no     68.12   0.959       0.00       0.00       0.00      0.25
  574  DLM002_scaffold8510_2/334-263                    72        1       69     no     68.12   0.959       0.00       0.00       0.00      0.25
  575  NOF001_scaffold35260_1/621-550                   72        1       69     no     68.12   0.959       0.00       0.00       0.00      0.25
  576  SRS011239_C2660562/1495-1566                     72        1       69     no     68.12   0.959       0.00       0.00       0.00      0.25
  577  SRS013521_LANL_scaffold_10431/2723-2794          72        1       69     no     68.12   0.959       0.00       0.00       0.00      0.25
  578  SRS049995_LANL_scaffold_35584/518-447            72        1       69     no     68.12   0.959       0.00       0.00       0.00      0.25
  579  4491413.3_NODE_35045/1240-1311                   72        1       69     no     68.12   0.959       0.00       0.00       0.00      0.25
  580  4491487.3_NODE_70949/3208-3279                   72        1       69     no     68.12   0.959       0.00       0.00       0.00      0.25
  581  DOM024_scaffold34037_11/414-343                  72        1       69     no     68.12   0.959       0.00       0.00       0.00      0.25
  582  SRS012273_Baylor_scaffold_15679/166-95           72        1       69     no     68.12   0.959       0.00       0.00       0.00      0.25
  583  JGI20154J14316_10100169/800-743                  58        1       69     no     47.09   0.965       0.00       0.00       0.00      0.28
  584  2236876008_578013/100-189                        90        1       69     no     64.36   0.916       0.00       0.00       0.00      0.43
  585  DelMOWin2010_c10212684/124-190                   67        1       69     no     60.98   0.993       0.00       0.00       0.00      0.34
  586  DelMOWin2010_c10036418/2109-2175                 67        1       69     no     66.26   0.994       0.00       0.00       0.00      0.32
  587  JGI20154J14316_10023101/2294-2358                65        1       69     no     64.68   0.996       0.00       0.00       0.00      0.31
  588  DelMOSum2011_c10010432/180-109                   72        1       69     no     72.36   0.970       0.00       0.00       0.00      0.27
  589  JCVI_SCAF_1096627282973/937-1000                 64        1       69     no     64.02   0.993       0.00       0.00       0.00      0.25
  590  JCVI_SCAF_1096627815436/1686-1616                71        1       69     no     68.45   0.977       0.00       0.00       0.00      0.27
  591  DelMOWin2010_c10039410/751-821                   71        1       69     no     59.73   0.977       0.00       0.00       0.00      0.30
  592  JCVI_SCAF_1101667068628/934-864                  71        1       69     no     59.73   0.977       0.00       0.00       0.00      0.30
  593  DelMOSum2011_c10443381/148-218                   71        1       69     no     59.73   0.977       0.00       0.00       0.00      0.30
  594  JCVI_SCAF_1096627815436/1265-1197                69        1       69     no     65.60   0.995       0.00       0.00       0.00      0.28
  595  DelMOSum2011_c10450409/281-215                   67        1       69     no     68.08   0.994       0.00       0.00       0.00      0.26
  596  JCVI_SCAF_1096626904978/2553-2619                67        1       69     no     70.73   0.994       0.00       0.00       0.00      0.26
  597  DelMOWin2010_c10039410/327-393                   67        1       69     no     70.73   0.994       0.00       0.00       0.00      0.26
  598  NC_010382.1/2010936-2011013                      78        1       69     no     69.76   0.931       0.00       0.00       0.00      0.36
  599  JGI24024J18818_10000001/150255-150322            68        1       69     no     64.05   0.989       0.00       0.00       0.00      0.26
  600  20090826-Illumina_contig51408/210-144            67        1       69     no     58.24   0.944       0.00       0.00       0.00      0.28
  601  20090826-454-08595/105-39                        67        1       69     no     58.24   0.944       0.00       0.00       0.00      0.28
  602  JCVI_SCAF_1096627324570/1503-1438                66        1       69     no     63.81   0.962       0.00       0.00       0.00      0.26
  603  JCVI_SCAF_1101667014564/736-672                  65        1       69     no     62.13   0.995       0.00       0.00       0.00      0.28
  604  ASHM485B_GOZG4CW03GBJXE/145-209                  65        1       69     no     62.13   0.995       0.00       0.00       0.00      0.28
  605  JCVI_READ_1102140351530/814-878                  65        1       69     no     61.55   0.965       0.00       0.00       0.00      0.30
  606  JCVI_READ_1106514912306/591-655                  65        1       69     no     70.27   0.998       0.00       0.00       0.00      0.28
  607  20090826-Illumina_contig110578/319-389           71        1       69     no     62.82   0.976       0.00       0.00       0.00      0.32
  608  20090826-Illumina_contig50514/538-602            65        1       69     no     61.97   0.992       0.00       0.00       0.00      0.29
  609  20090826-Illumina_contig84089/347-280            68        1       69     no     56.58   0.944       0.00       0.00       0.00      0.31
  610  2236876008_384950/369-456                        88        1       69     no     51.02   0.886       0.00       0.00       0.00      0.45
  611  NZ_CM001165.1/939500-939435                      66        1       69     no     65.35   0.965       0.00       0.00       0.00      0.28
  612  HCF12C_247321/516-449                            68        1       69     no     64.89   0.960       0.00       0.00       0.00      0.27
  613  SRS012273_Baylor_scaffold_38867/2331-2257        75        1       69     no     67.05   0.954       0.00       0.00       0.00      0.36
  614  SRS014923_C3140982/150-81                        70        1       69     no     63.87   0.998       0.00       0.00       0.00      0.25
  615  scaffold92249_2_MH0062/127-198                   72        1       69     no     61.21   0.977       0.00       0.00       0.00      0.31
  616  NLM028_scaffold42002_14/8511-8440                72        1       69     no     66.66   0.975       0.00       0.00       0.00      0.32
  617  DOM026_scaffold19832_2/331-402                   72        1       69     no     62.13   0.970       0.00       0.00       0.00      0.31
  618  NOM029_scaffold10509_1/46-115                    70        1       69     no     69.66   0.999       0.00       0.00       0.00      0.24
  619  DOM026_scaffold18491_2/4626-4695                 70        1       69     no     69.66   0.999       0.00       0.00       0.00      0.24
  620  scaffold110923_2_MH0086/1062-992                 71        1       69     no     63.61   0.978       0.00       0.00       0.00      0.29
  621  DLF013_scaffold16307_4/6540-6470                 71        1       69     no     63.72   0.974       0.00       0.00       0.00      0.29
  622  NZ_KE993320.1/54751-54681                        71        1       69     no     67.14   0.974       0.00       0.00       0.00      0.25
  623  SRS017521_C2806218/2403-2333                     71        1       69     no     67.14   0.974       0.00       0.00       0.00      0.25
  624  DOF004_scaffold53612_1/786-856                   71        1       69     no     68.18   0.974       0.00       0.00       0.00      0.25
  625  SRS064276_C2396727/186-116                       71        1       69     no     67.61   0.965       0.00       0.00       0.00      0.32
  626  DOF008_scaffold15280_1/1367-1437                 71        1       69     no     63.92   0.974       0.00       0.00       0.00      0.33
  627  NC_021014.1/1669026-1668956                      71        1       69     no     63.35   0.974       0.00       0.00       0.00      0.33
  628  scaffold3936_4_O2.UC-11/656-727                  72        1       69     no     62.08   0.984       0.00       0.00       0.00      0.33
  629  SRS017521_C2696367/83-12                         72        1       69     no     62.08   0.984       0.00       0.00       0.00      0.33
  630  UnmappedStool_Broad_scaffold_8170/376-447        72        1       69     no     66.98   0.984       0.00       0.00       0.00      0.32
  631  UnmappedStool_Broad_scaffold_878672/936-865      72        1       69     no     56.75   0.971       0.00       0.00       0.00      0.34
  632  SRS058770_C1639897/90-19                         72        1       69     no     56.75   0.971       0.00       0.00       0.00      0.34
  633  4491413.3_NODE_29430/1372-1443                   72        1       69     no     56.75   0.971       0.00       0.00       0.00      0.34
  634  C4844473_1_MH0086/335-406                        72        1       69     no     56.75   0.971       0.00       0.00       0.00      0.34
  635  SRS050752_LANL_scaffold_25349/337-408            72        1       69     no     56.75   0.971       0.00       0.00       0.00      0.34
  636  scaffold23454_3_MH0071/1210-1140                 71        1       69     no     73.45   0.967       0.00       0.00       0.00      0.27
  637  SRS017307_C2526308/11291-11221                   71        1       69     no     72.52   0.967       0.00       0.00       0.00      0.27
  638  SRS052697_C3260021/417-487                       71        1       69     no     72.52   0.967       0.00       0.00       0.00      0.27
  639  IMNBL1_c0283229/240-307                          68        1       69     no     69.79   0.995       0.00       0.00       0.00      0.26
  640  DelMOWin2010_c10646924/42-116                    75        1       69     no     67.32   0.950       0.00       0.00       0.00      0.31
  641  JGI20158J14315_10065826/995-922                  74        1       69     no     63.11   0.954       0.00       0.00       0.00      0.31
  642  JGI20158J14315_10061369/1247-1320                74        1       69     no     59.50   0.954       0.00       0.00       0.00      0.32
  643  DelMOWin2010_c10055187/822-895                   74        1       69     no     57.87   0.951       0.00       0.00       0.00      0.33
  644  SRS056259_LANL_scaffold_48800/50490-50421        70        1       69     no     68.50   0.967       0.00       0.00       0.00      0.31
  645  scaffold70311_2_MH0039/13787-13856               70        1       69     no     69.15   0.965       0.00       0.00       0.00      0.31
  646  NLF012_scaffold10340_7/4540-4608                 69        1       69     no     57.12   0.963       0.00       0.00       0.00      0.33
  647  scaffold119766_1_V1.CD-8/125-56                  70        1       69     no     58.78   0.983       0.00       0.00       0.00      0.33
  648  SRS022609_C3228606/469-538                       70        1       69     no     58.78   0.983       0.00       0.00       0.00      0.33
  649  SRS011134_C5140593/484-415                       70        1       69     no     58.78   0.983       0.00       0.00       0.00      0.33
  650  scaffold58396_1_MH0051/423-492                   70        1       69     no     59.47   0.978       0.00       0.00       0.00      0.33
  651  scaffold37823_8_MH0076/927-856                   72        1       69     no     67.00   0.960       0.00       0.00       0.00      0.33
  652  2036040047/117-177                               61        1       69     no     62.37   0.973       0.00       0.00       0.00      0.28
  653  4443754.3.28245/70-139                           70        1       69     no     60.84   0.963       0.00       0.00       0.00      0.33
  654  GYO3UBL02JAZR8/242-298                           57        1       69     no     48.27   0.956       0.00       0.00       0.00      0.27
  655  2200493959/734-808                               75        1       69     no     65.39   0.947       0.00       0.00       0.00      0.36
  656  NZ_GL905390.1/3135931-3135862                    70        1       69     no     71.70   0.992       0.00       0.00       0.00      0.27
  657  NC_017542.1/3246821-3246752                      70        1       69     no     69.58   0.981       0.00       0.00       0.00      0.27
  658  NZ_AIPP01000138.1/132071-132002                  70        1       69     no     73.57   0.995       0.00       0.00       0.00      0.27
  659  NZ_AMQU01000016.1/343926-343995                  70        1       69     no     73.57   0.995       0.00       0.00       0.00      0.27
  660  NC_014483.1/3364237-3364168                      70        1       69     no     62.24   0.997       0.00       0.00       0.00      0.35
  661  NZ_ANHX01000011.1/191820-191889                  70        1       69     no     65.83   0.997       0.00       0.00       0.00      0.30
  662  LWAnN_GIDYKCY01AOLIZ/260-327                     68        1       69     no     65.09   0.962       0.00       0.00       0.00      0.28
  663  4491686.3.17357/31199-31265                      67        1       69     no     48.27   0.881       0.00       0.00       0.00      0.29
  664  4491686.3.638433/273-339                         67        1       69     no     48.27   0.881       0.00       0.00       0.00      0.29
  665  4443754.3.48575/137-202                          66        1       69     no     52.59   0.927       0.00       0.00       0.00      0.27
  666  4491734.3.1864898/11-74                          64        1       69     no     50.06   0.907       0.00       0.00       0.00      0.36
  667  2236876011_255671/375-441                        67        1       69     no     45.46   0.930       0.00       0.00       0.00      0.35
  668  2222084014.1615_1/224-152                        73        1       69     no     57.10   0.970       0.00       0.00       0.00      0.34
  669  ASHM260b_GI4DNEO02HQRT3/110-178                  69        1       69     no     59.89   0.939       0.00       0.00       0.00      0.27
  670  HCF12C_238140/399-462                            64        1       69     no     60.23   0.984       0.00       0.00       0.00      0.28
  671  HCF12C_260097/93-156                             64        1       69     no     58.73   0.984       0.00       0.00       0.00      0.28
  672  SRS011061_C4638694/204-134                       71        1       69     no     42.83   0.964       0.00       0.00       0.00      0.44
  673  SRS011134_C5126499/836-906                       71        1       69     no     48.50   0.976       0.00       0.00       0.00      0.36
  674  ABOA01003892.1/79-11                             69        1       69     no     30.10   0.853       0.00       0.00       0.00      0.72
  675  GSLNARP_GFPJP1N02HP7RG/426-491                   66        1       69     no     40.22   0.883       0.00       0.00       0.00      0.44
  676  GSLNARP_GFPJP1N02HP7RG/65-131                    67        1       69     no     46.42   0.910       0.00       0.00       0.00      0.38
