# EL state (local end) insert information file created by cmalign.
# This file includes 2+<nseq> non-'#' pre-fixed lines per model used for alignment,
# where <nseq> is the number of sequences in the target file.
# The first non-'#' prefixed line per model includes 2 tokens, separated by a single space (' '):
# The first token is the model name and the second is the consensus length of the model (<clen>).
# The following <nseq> lines include (4+3*<n>) whitespace delimited tokens per line.
# The format for these <nseq> lines is:
#   <seqname> <seqlen> <spos> <epos> <c_1> <u_1> <i_1> <c_2> <u_2> <i_2> .... <c_x> <u_x> <i_x> .... <c_n> <u_n> <i_n>
#   indicating <seqname> has >= 1 EL inserted residues after <n> different consensus positions,
#   <seqname> is the name of the sequence
#   <seqlen>  is the unaligned length of the sequence
#   <spos>    is the first (5'-most) consensus position filled by a nongap for this sequence (-1 if 0 nongap consensus posns)
#   <epos>    is the final (3'-most) consensus position filled by a nongap for this sequence (-1 if 0 nongap consensus posns)
#   <c_x> is a consensus position (between 0 and <clen>; if 0: inserts before 1st consensus posn)
#   <u_x> is the *unaligned* position (b/t 1 and <seqlen>) in <seqname> of the first EL inserted residue after <c_x>.
#   <i_x> is the number of EL inserted residues after position <c_x> for <seqname>.
# Lines for sequences with 0 EL inserted residues will include only <seqname> <seqlen> <spos> <epos>.
# The final non-'#' prefixed line per model includes only '//', indicating the end of info for a model.
#
pistol 69
seq0 71 1 69
seq1 71 1 69
seq2 71 1 69
seq3 71 1 69
seq4 71 1 69
seq5 71 1 69
seq6 71 1 69
seq7 71 1 69
seq8 71 1 69
seq9 71 1 69
seq10 71 1 69
seq11 71 1 69
seq12 71 1 69
seq13 71 1 69
seq14 71 1 69
seq15 71 1 69
seq16 71 1 69
seq17 71 1 69
seq18 71 1 69
seq19 72 1 69
seq20 71 1 69
seq21 71 1 69
seq22 71 1 69
seq23 71 1 69
seq24 71 1 69
seq25 71 1 69
seq26 71 1 69
seq27 71 1 69
seq28 71 1 69
seq29 71 1 69
seq30 71 1 69
seq31 71 1 69
seq32 71 1 69
seq33 71 1 69
seq34 72 1 69
seq35 71 1 69
seq36 71 1 69
seq37 71 1 69
seq38 71 1 69
seq39 71 1 69
seq40 71 1 69
seq41 71 1 69
seq42 71 1 69
seq43 71 1 69
seq44 71 1 69
seq45 71 1 69
seq46 71 1 69
seq47 71 1 69
seq48 71 1 69
seq49 71 1 69
seq50 71 1 69
seq51 71 1 69
seq52 71 1 69
seq53 71 1 69
seq54 71 1 69
seq55 71 1 69
seq56 71 1 69
seq57 71 1 69
seq58 71 1 69
seq59 71 1 69
seq60 71 1 69
seq61 71 1 69
seq62 71 1 69
seq63 71 1 69
seq64 71 1 69
seq65 71 1 69
seq66 71 1 69
seq67 71 1 69
seq68 71 1 69
seq69 72 1 69
seq70 71 1 69
seq71 71 1 69
seq72 71 1 69
seq73 71 1 69
seq74 72 1 69
seq75 72 1 69
seq76 71 1 69
seq77 71 1 69
seq78 71 1 69
seq79 72 1 69
seq80 71 1 69
seq81 71 1 69
seq82 71 1 69
seq83 71 1 69
seq84 71 1 69
seq85 71 1 69
seq86 71 1 69
seq87 71 1 69
seq88 71 1 69
seq89 71 1 69
seq90 72 1 69
seq91 71 1 69
seq92 71 1 69
seq93 71 1 69
seq94 71 1 69
seq95 71 1 69
seq96 71 1 69
seq97 71 1 69
seq98 71 1 69
seq99 71 1 69
seq100 72 1 69
seq101 71 1 69
seq102 71 1 69
seq103 71 1 69
seq104 71 1 69
seq105 71 1 69
seq106 71 1 69
seq107 72 1 69
seq108 71 1 69
seq109 71 1 69
seq110 71 1 69
seq111 71 1 69
seq112 71 1 69
seq113 71 1 69
seq114 71 1 69
seq115 71 1 69
seq116 71 1 69
seq117 84 17 69  12 1 18  54 31 50
seq118 71 1 69
seq119 71 1 69
seq120 71 1 69
seq121 71 1 69
seq122 71 1 69
seq123 71 1 69
seq124 71 1 69
seq125 71 1 69
seq126 71 1 69
seq127 84 1 69  54 60 12
seq128 71 1 69
seq129 71 1 69
seq130 71 1 69
seq131 71 1 69
seq132 71 1 69
seq133 71 1 69
seq134 71 1 69
seq135 71 1 69
seq136 71 1 69
seq137 71 1 69
seq138 71 1 69
seq139 71 1 69
seq140 71 1 69
seq141 71 1 69
seq142 71 1 69
seq143 71 1 69
seq144 71 1 69
seq145 71 1 69
seq146 71 1 69
seq147 71 1 69
seq148 71 1 69
seq149 71 1 69
seq150 71 1 69
seq151 71 1 69
seq152 71 1 69
seq153 71 1 69
seq154 71 1 69
seq155 71 1 69
seq156 71 1 69
seq157 84 1 22  12 11 3  54 24 61
seq158 71 1 69
seq159 71 1 69
seq160 72 1 69
seq161 71 1 69
seq162 71 1 69
seq163 71 1 69
seq164 71 1 69
seq165 71 1 69
seq166 71 1 69
seq167 71 1 69
seq168 71 1 69
seq169 71 1 69
seq170 71 1 69
seq171 71 1 69
seq172 71 1 69
seq173 71 1 69
seq174 71 1 69
seq175 71 1 69
seq176 71 1 69
seq177 71 1 69
seq178 71 1 69
seq179 71 1 69
seq180 71 1 69
seq181 72 1 69
seq182 71 1 69
seq183 71 1 69
seq184 71 1 69
seq185 71 1 69
seq186 71 1 69
seq187 71 1 69
seq188 71 1 69
seq189 71 1 69
seq190 71 1 69
seq191 71 1 69
seq192 71 1 69
seq193 71 1 69
seq194 71 1 69
seq195 71 1 69
seq196 71 1 69
seq197 71 1 69
seq198 71 1 69
seq199 71 1 69
seq200 71 1 69
seq201 71 1 69
seq202 71 1 69
seq203 71 1 69
seq204 71 1 69
seq205 71 1 69
seq206 71 1 69
seq207 71 1 69
seq208 71 1 69
seq209 71 1 69
seq210 71 1 69
seq211 71 1 69
seq212 71 1 69
seq213 71 1 69
seq214 71 1 69
seq215 71 1 69
seq216 71 1 69
seq217 71 1 69
seq218 78 1 69  54 48 24
seq219 71 1 69
seq220 71 1 69
seq221 80 1 69
seq222 71 1 69
seq223 105 1 69  12 8 11  54 33 70
seq224 71 1 69
seq225 72 1 69
seq226 72 1 69
seq227 71 1 69
seq228 72 1 69
seq229 71 1 69
seq230 71 1 69
seq231 71 1 69
seq232 71 1 69
seq233 71 1 69
seq234 71 1 69
seq235 71 1 69
seq236 71 1 69
seq237 71 1 69
seq238 71 1 69
seq239 71 1 69
seq240 71 1 69
seq241 71 1 69
seq242 80 1 69
seq243 71 1 69
seq244 71 1 69
seq245 71 1 69
seq246 71 1 69
seq247 71 1 69
seq248 71 1 69
seq249 83 1 69
seq250 71 1 69
seq251 71 1 69
seq252 71 1 69
seq253 71 1 69
seq254 71 1 69
seq255 71 1 69
seq256 71 1 69
seq257 71 1 69
seq258 71 1 69
seq259 72 1 69
seq260 71 1 69
seq261 71 1 69
seq262 71 1 69
seq263 71 1 69
seq264 71 1 69
seq265 71 1 69
seq266 71 1 69
seq267 71 1 69
seq268 71 1 69
seq269 71 1 69
seq270 71 1 69
seq271 71 1 69
seq272 71 1 69
seq273 71 1 69
seq274 71 1 69
seq275 71 1 69
seq276 71 1 69
seq277 71 1 69
seq278 72 1 69
seq279 71 1 69
seq280 71 1 69
seq281 71 1 69
seq282 71 1 69
seq283 71 1 69
seq284 71 1 69
seq285 71 1 69
seq286 71 1 69
seq287 71 1 69
seq288 71 1 69
seq289 72 1 69
seq290 71 1 69
seq291 71 1 69
seq292 71 1 69
seq293 71 1 69
seq294 71 1 69
seq295 71 1 69
seq296 71 1 69
seq297 71 1 69
seq298 71 1 69
seq299 71 1 69
seq300 71 1 69
seq301 71 1 69
seq302 74 1 69
seq303 72 1 69
seq304 71 1 69
seq305 71 1 69
seq306 71 1 69
seq307 71 1 69
seq308 71 1 69
seq309 71 1 69
seq310 71 1 69
seq311 71 1 69
seq312 71 1 69
seq313 71 1 69
seq314 71 1 69
seq315 71 1 69
seq316 71 1 69
seq317 71 1 69
seq318 71 1 69
seq319 71 1 69
seq320 71 1 69
seq321 75 1 69
seq322 71 1 69
seq323 71 1 69
seq324 71 1 69
seq325 71 1 69
seq326 82 1 69
seq327 71 1 69
seq328 71 1 69
seq329 71 1 69
seq330 71 1 69
seq331 71 1 69
seq332 71 1 69
seq333 71 1 69
seq334 71 1 69
seq335 71 1 69
seq336 71 1 69
seq337 71 1 69
seq338 71 1 69
seq339 71 1 69
seq340 71 1 69
seq341 71 1 69
seq342 71 1 69
seq343 71 1 69
seq344 71 1 69
seq345 72 1 69
seq346 71 1 69
seq347 71 1 69
seq348 72 1 69
seq349 71 1 69
seq350 77 1 69
seq351 73 1 69
seq352 71 1 69
seq353 71 1 69
seq354 71 1 69
seq355 71 1 69
seq356 71 1 69
seq357 71 1 69
seq358 71 1 69
seq359 71 1 69
seq360 74 1 69  12 9 6
seq361 71 1 69
seq362 72 1 69
seq363 71 1 69
seq364 71 1 69
seq365 71 1 69
seq366 71 1 69
seq367 71 1 69
seq368 71 1 69
seq369 71 1 69
seq370 71 1 69
seq371 71 1 69
seq372 71 1 69
seq373 71 1 69
seq374 71 1 69
seq375 71 1 69
seq376 71 1 69
seq377 71 1 69
seq378 71 1 69
seq379 71 1 69
seq380 71 1 69
seq381 71 1 69
seq382 71 1 69
seq383 71 1 69
seq384 71 1 69
seq385 71 1 69
seq386 71 1 69
seq387 71 1 69
seq388 71 1 69
seq389 71 1 69
seq390 72 1 69
seq391 71 1 69
seq392 71 1 69
seq393 85 1 69
seq394 71 1 69
seq395 71 1 69
seq396 71 1 69
seq397 71 1 69
seq398 71 1 69
seq399 71 1 69
seq400 71 1 69
seq401 71 1 69
seq402 71 1 69
seq403 72 1 69
seq404 71 1 69
seq405 71 1 69
seq406 71 1 69
seq407 71 1 69
seq408 80 1 69
seq409 71 1 69
seq410 71 1 69
seq411 71 1 69
seq412 71 1 69
seq413 71 1 69
seq414 71 1 69
seq415 71 1 69
seq416 71 1 69
seq417 71 1 69
seq418 71 1 69
seq419 71 1 69
seq420 71 1 69
seq421 71 1 69
seq422 71 1 69
seq423 71 1 69
seq424 71 1 69
seq425 71 1 69
seq426 71 1 69
seq427 71 1 69
seq428 71 1 69
seq429 71 1 69
seq430 71 1 69
seq431 71 1 69
seq432 71 1 69
seq433 71 1 69
seq434 71 1 69
seq435 71 1 69
seq436 71 1 69
seq437 71 1 69
seq438 71 1 69
seq439 71 1 69
seq440 72 1 69
seq441 71 1 69
seq442 71 1 69
seq443 71 1 69
seq444 71 1 69
seq445 71 1 69
seq446 71 1 69
seq447 71 1 69
seq448 71 1 69
seq449 71 1 69
seq450 71 1 69
seq451 71 1 69
seq452 71 1 69
seq453 71 1 69
seq454 71 1 69
seq455 71 1 69
seq456 71 1 69
seq457 71 1 69
seq458 71 1 69
seq459 71 1 69
seq460 73 1 69
seq461 71 1 69
seq462 71 1 69
seq463 71 1 69
seq464 71 1 69
seq465 71 1 69
seq466 71 1 69
seq467 72 1 69
seq468 71 1 69
seq469 71 1 69
seq470 71 1 69
seq471 71 1 69
seq472 71 1 69
seq473 71 1 69
seq474 71 1 69
seq475 71 1 69
seq476 71 1 69
seq477 71 1 69
seq478 71 1 69
seq479 71 1 69
seq480 71 1 69
seq481 71 1 69
seq482 71 1 69
seq483 71 1 69
seq484 71 1 69
seq485 71 1 69
seq486 71 1 69
seq487 71 1 69
seq488 72 1 69
seq489 71 1 69
seq490 71 1 69
seq491 71 1 69
seq492 71 1 69
seq493 71 1 69
seq494 71 1 69
seq495 71 1 69
seq496 71 1 69
seq497 71 1 69
seq498 71 1 69
seq499 71 1 69
seq500 71 1 69
seq501 71 1 69
seq502 71 1 69
seq503 71 1 69
seq504 71 1 69
seq505 71 1 69
seq506 71 1 69
seq507 71 1 69
seq508 95 1 18  12 8 12  54 26 70
seq509 71 1 69
seq510 71 1 69
seq511 71 1 69
seq512 71 1 69
seq513 71 1 69
seq514 71 1 69
seq515 71 1 69
seq516 71 1 69
seq517 71 1 69
seq518 72 1 69
seq519 71 1 69
seq520 71 1 69
seq521 71 1 69
seq522 71 1 69
seq523 71 1 69
seq524 71 1 69
seq525 71 1 69
seq526 71 1 69
seq527 71 1 69
seq528 71 1 69
seq529 71 1 69
seq530 71 1 69
seq531 71 1 69
seq532 71 1 69
seq533 71 1 69
seq534 71 1 69
seq535 71 1 69
seq536 71 1 69
seq537 71 1 69
seq538 71 1 69
seq539 71 1 69
seq540 79 1 69
seq541 71 1 69
seq542 71 1 69
seq543 71 1 69
seq544 71 1 69
seq545 71 1 69
seq546 72 1 69
seq547 71 1 69
seq548 71 1 69
seq549 71 1 69
seq550 72 1 69
seq551 71 1 69
seq552 71 1 69
seq553 71 1 69
seq554 71 1 69
seq555 71 1 69
seq556 71 1 69
seq557 72 1 69
seq558 71 1 69
seq559 71 1 69
seq560 71 1 69
seq561 71 1 69
seq562 71 1 69
seq563 112 1 69  12 8 14  54 38 71
seq564 71 1 69
seq565 71 1 69
seq566 71 1 69
seq567 71 1 69
seq568 71 1 69
seq569 71 1 69
seq570 71 1 69
seq571 71 1 69
seq572 71 1 69
seq573 71 1 69
seq574 71 1 69
seq575 71 1 69
seq576 71 1 69
seq577 71 1 69
seq578 71 1 69
seq579 71 1 69
seq580 71 1 69
seq581 71 1 69
seq582 93 1 69
seq583 71 1 69
seq584 71 1 69
seq585 71 1 69
seq586 71 1 69
seq587 71 1 69
seq588 71 1 69
seq589 71 1 69
seq590 71 1 69
seq591 72 1 69
seq592 71 1 69
seq593 71 1 69
seq594 71 1 69
seq595 71 1 69
seq596 71 1 69
seq597 71 1 69
seq598 71 1 69
seq599 71 1 69
seq600 71 1 69
seq601 71 1 69
seq602 71 1 69
seq603 71 1 69
seq604 71 1 69
seq605 71 1 69
seq606 71 1 69
seq607 71 1 69
seq608 71 1 69
seq609 71 1 69
seq610 71 1 69
seq611 71 1 69
seq612 71 1 69
seq613 71 1 69
seq614 72 1 69
seq615 71 1 69
seq616 71 1 69
seq617 71 1 69
seq618 71 1 69
seq619 71 1 69
seq620 71 1 69
seq621 71 1 69
seq622 71 1 69
seq623 71 1 69
seq624 71 1 69
seq625 72 1 69
seq626 71 1 69
seq627 72 1 69
seq628 71 1 69
seq629 71 1 69
seq630 71 1 69
seq631 71 1 69
seq632 71 1 69
seq633 71 1 69
seq634 71 1 69
seq635 71 1 69
seq636 71 1 69
seq637 71 1 69
seq638 71 1 69
seq639 71 1 69
seq640 71 1 69
seq641 71 1 69
seq642 71 1 69
seq643 72 1 69
seq644 71 1 69
seq645 71 1 69
seq646 71 1 69
seq647 71 1 69
seq648 71 1 69
seq649 71 1 69
seq650 71 1 69
seq651 71 1 69
seq652 71 1 69
seq653 71 1 69
seq654 71 1 69
seq655 71 1 69
seq656 71 1 69
seq657 71 1 69
seq658 72 1 69
seq659 71 1 69
seq660 71 1 69
seq661 71 1 69
seq662 71 1 69
seq663 71 1 69
seq664 71 1 69
seq665 71 1 69
seq666 71 1 69
seq667 71 1 69
seq668 72 1 69
seq669 71 1 69
seq670 118 1 16  12 8 16  54 28 91
seq671 71 1 69
seq672 71 1 69
seq673 71 1 69
seq674 71 1 69
seq675 71 1 69
seq676 71 1 69
seq677 71 1 69
seq678 71 1 69
seq679 71 1 69
seq680 71 1 69
seq681 71 1 69
seq682 71 1 69
seq683 71 1 69
seq684 71 1 69
seq685 71 1 69
seq686 71 1 69
seq687 71 1 69
seq688 71 1 69
seq689 71 1 69
seq690 71 1 69
seq691 71 1 69
seq692 71 1 69
seq693 71 1 69
seq694 71 1 69
seq695 72 1 69
seq696 71 1 69
seq697 71 1 69
seq698 71 1 69
seq699 71 1 69
seq700 71 1 69
seq701 71 1 69
seq702 111 1 18  12 10 10  54 26 86
seq703 71 1 69
seq704 71 1 69
seq705 71 1 69
seq706 71 1 69
seq707 71 1 69
seq708 71 1 69
seq709 71 1 69
seq710 71 1 69
seq711 71 1 69
seq712 71 1 69
seq713 71 1 69
seq714 71 1 69
seq715 71 1 69
seq716 71 1 69
seq717 71 1 69
seq718 71 1 69
seq719 71 1 69
seq720 71 1 69
seq721 71 1 69
seq722 71 1 69
seq723 71 1 69
seq724 71 1 69
seq725 71 1 69
seq726 71 1 69
seq727 71 1 69
seq728 71 1 69
seq729 71 1 69
seq730 71 1 69
seq731 71 1 69
seq732 71 1 69
seq733 71 1 69
seq734 71 1 69
seq735 71 1 69
seq736 71 1 69
seq737 71 1 69
seq738 71 1 69
seq739 71 1 69
seq740 71 1 69
seq741 71 1 69
seq742 71 1 69
seq743 72 1 69
seq744 72 1 69
seq745 71 1 69
seq746 71 1 69
seq747 71 1 69
seq748 71 1 69
seq749 71 1 69
seq750 71 1 69
seq751 71 1 69
seq752 71 1 69
seq753 71 1 69
seq754 71 1 69
seq755 71 1 69
seq756 71 1 69
seq757 71 1 69
seq758 71 1 69
seq759 72 1 69
seq760 71 1 69
seq761 71 1 69
seq762 71 1 69
seq763 71 1 69
seq764 71 1 69
seq765 71 1 69
seq766 71 1 69
seq767 71 1 69
seq768 71 1 69
seq769 71 1 69
seq770 71 1 69
seq771 71 1 69
seq772 71 1 69
seq773 71 1 69
seq774 71 1 69
seq775 71 1 69
seq776 71 1 69
seq777 71 1 69
seq778 71 1 69
seq779 71 1 69
seq780 71 1 69
seq781 71 1 69
seq782 71 1 69
seq783 71 1 69
seq784 71 1 69
seq785 71 1 69
seq786 71 1 69
seq787 71 1 69
seq788 71 1 69
seq789 71 1 69
seq790 71 1 69
seq791 71 1 69
seq792 71 1 69
seq793 71 1 69
seq794 71 1 69
seq795 71 1 69
seq796 71 1 69
seq797 71 1 69
seq798 71 1 69
seq799 71 1 69
seq800 71 1 69
seq801 71 1 69
seq802 71 1 69
seq803 71 1 69
seq804 71 1 69
seq805 71 1 69
seq806 71 1 69
seq807 71 1 69
seq808 71 1 69
seq809 71 1 69
seq810 71 1 69
seq811 71 1 69
seq812 71 1 69
seq813 96 1 69  12 8 12  54 38 56
seq814 71 1 69
seq815 71 1 69
seq816 71 1 69
seq817 72 1 69
seq818 71 1 69
seq819 71 1 69
seq820 71 1 69
seq821 71 1 69
seq822 71 1 69
seq823 80 1 69  12 8 9
seq824 71 1 69
seq825 71 1 69
seq826 71 1 69
seq827 71 1 69
seq828 71 1 69
seq829 71 1 69
seq830 71 1 69
seq831 71 1 69
seq832 71 1 69
seq833 71 1 69
seq834 71 1 69
seq835 71 1 69
seq836 71 1 69
seq837 71 1 69
seq838 71 1 69
seq839 103 1 69  12 9 10  54 37 63
seq840 71 1 69
seq841 71 1 69
seq842 71 1 69
seq843 77 1 69
seq844 71 1 69
seq845 71 1 69
seq846 113 1 17  12 8 15  54 28 86
seq847 71 1 69
seq848 71 1 69
seq849 71 1 69
seq850 72 1 69
seq851 71 1 69
seq852 71 1 69
seq853 71 1 69
seq854 71 1 69
seq855 71 1 69
seq856 71 1 69
seq857 71 1 69
seq858 71 1 69
seq859 71 1 69
seq860 71 1 69
seq861 71 1 69
seq862 71 1 69
seq863 71 1 69
seq864 71 1 69
seq865 71 1 69
seq866 71 1 69
seq867 71 1 69
seq868 71 1 69
seq869 71 1 69
seq870 71 1 69
seq871 71 1 69
seq872 71 1 69
seq873 71 1 69
seq874 71 1 69
seq875 71 1 69
seq876 71 1 69
seq877 71 1 69
seq878 72 1 69
seq879 71 1 69
seq880 71 1 69
seq881 71 1 69
seq882 71 1 69
seq883 71 1 69
seq884 71 1 69
seq885 71 1 69
seq886 71 1 69
seq887 71 1 69
seq888 71 1 69
seq889 72 1 69
seq890 71 1 69
seq891 71 1 69
seq892 71 1 69
seq893 71 1 69
seq894 71 1 69
seq895 71 1 69
seq896 71 1 69
seq897 71 1 69
seq898 71 1 69
seq899 71 1 69
seq900 71 1 69
seq901 71 1 69
seq902 71 1 69
seq903 71 1 69
seq904 71 1 69
seq905 71 1 69
seq906 71 1 69
seq907 71 1 69
seq908 71 1 69
seq909 72 1 69
seq910 71 1 69
seq911 71 1 69
seq912 71 1 69
seq913 72 1 69
seq914 71 1 69
seq915 71 1 69
seq916 71 1 69
seq917 71 1 69
seq918 71 1 69
seq919 71 1 69
seq920 71 1 69
seq921 71 1 69
seq922 71 1 69
seq923 71 1 69
seq924 71 1 69
seq925 71 1 69
seq926 71 1 69
seq927 71 1 69
seq928 71 1 69
seq929 71 1 69
seq930 71 1 69
seq931 71 1 69  54 43 22
seq932 108 1 23  12 9 10  54 30 79
seq933 71 1 69
seq934 71 1 69
seq935 71 1 69
seq936 71 1 69
seq937 71 1 69
seq938 71 1 69
seq939 71 1 69
seq940 71 1 69
seq941 71 1 69
seq942 71 1 69
seq943 71 1 69
seq944 71 1 69
seq945 71 1 69
seq946 71 1 69
seq947 71 1 69
seq948 71 1 69
seq949 71 1 69
seq950 71 1 69
seq951 71 1 69
seq952 72 1 69
seq953 71 1 69
seq954 71 1 69
seq955 71 1 69
seq956 71 1 69
seq957 71 1 69
seq958 71 1 69
seq959 71 1 69
seq960 71 1 69
seq961 71 1 69
seq962 71 1 69
seq963 71 1 69
seq964 71 1 69
seq965 71 1 69
seq966 71 1 69
seq967 71 1 69
seq968 71 1 69
seq969 71 1 69
seq970 71 1 69
seq971 71 1 69
seq972 71 1 69
seq973 71 1 69
seq974 72 1 69
seq975 71 1 69
seq976 71 1 69
seq977 71 1 69
seq978 71 1 69
seq979 71 1 69
seq980 71 1 69
seq981 71 1 69
seq982 71 1 69
seq983 71 1 69
seq984 71 1 69
seq985 71 1 69
seq986 71 1 69
seq987 71 1 69
seq988 71 1 69
seq989 71 1 69
seq990 72 1 69
seq991 71 1 69
seq992 71 1 69
seq993 71 1 69
seq994 71 1 69
seq995 71 1 69
seq996 71 1 69
seq997 71 1 69
seq998 71 1 69
seq999 71 1 69
//
