# Insert information file created by cmalign.
# This file includes 2+<nseq> non-'#' pre-fixed lines per model used for alignment,
# where <nseq> is the number of sequences in the target file.
# The first non-'#' prefixed line per model includes 2 tokens, separated by a single space (' '):
# The first token is the model name and the second is the consensus length of the model (<clen>).
# The following <nseq> lines include (4+3*<n>) whitespace delimited tokens per line.
# The format for these <nseq> lines is:
#   <seqname> <seqlen> <spos> <epos> <c_1> <u_1> <i_1> <c_2> <u_2> <i_2> .... <c_x> <u_x> <i_x> .... <c_n> <u_n> <i_n>
#   indicating <seqname> has >= 1 inserted residues after <n> different consensus positions,
#   <seqname> is the name of the sequence
#   <seqlen>  is the unaligned length of the sequence
#   <spos>    is the first (5'-most) consensus position filled by a nongap for this sequence (-1 if 0 nongap consensus posns)
#   <epos>    is the final (3'-most) consensus position filled by a nongap for this sequence (-1 if 0 nongap consensus posns)
#   <c_x> is a consensus position (between 0 and <clen>; if 0: inserts before 1st consensus posn)
#   <u_x> is the *unaligned* position (b/t 1 and <seqlen>) in <seqname> of the first inserted residue after <c_x>.
#   <i_x> is the number of inserted residues after position <c_x> for <seqname>.
# Lines for sequences with 0 inserted residues will include only <seqname> <seqlen> <spos> <epos>.
# The final non-'#' prefixed line per model includes only '//', indicating the end of info for a model.
#
pistol 69
seq0 71 1 69  50 51 1  54 56 1
seq1 71 1 69  50 51 1  54 56 1
seq2 71 1 69  50 51 1  54 56 1
seq3 71 1 69  50 51 1  54 56 1
seq4 71 1 69  50 51 1  54 56 1
seq5 71 1 69  50 51 1  54 56 1
seq6 71 1 69  50 51 1  54 56 1
seq7 71 1 69  50 51 1  54 56 1
seq8 71 1 69  50 51 1  54 56 1
seq9 71 1 69  50 51 1  54 56 1
seq10 71 1 69  50 51 1  54 56 1
seq11 71 1 69  50 51 1  54 56 1
seq12 71 1 69  50 51 1  54 56 1
seq13 71 1 69  50 51 1  54 56 1
seq14 71 1 69  50 51 1  54 56 1
seq15 71 1 69  50 51 1  54 56 1
seq16 71 1 69  50 51 1  54 56 1
seq17 71 1 69  50 51 1  54 56 1
seq18 71 1 69  50 51 1  54 56 1
seq19 72 1 69  23 24 1  50 52 1  54 57 1
seq20 71 1 69  50 51 1  54 56 1
seq21 71 1 69  50 51 1  54 56 1
seq22 71 1 69  50 51 1  54 56 1
seq23 71 1 69  50 51 1  54 56 1
seq24 71 1 69  50 51 1  54 56 1
seq25 71 1 69  50 51 1  54 56 1
seq26 71 1 69  50 51 1  54 56 1
seq27 71 1 69  50 51 1  54 56 1
seq28 71 1 69  50 51 1  54 56 1
seq29 71 1 69  50 51 1  54 56 1
seq30 71 1 69  50 51 1  54 56 1
seq31 71 1 69  50 51 1  54 56 1
seq32 71 1 69  50 51 1  54 56 1
seq33 71 1 69  50 51 1  54 56 1
seq34 72 1 69  23 24 1  50 52 1  54 57 1
seq35 71 1 69  50 51 1  54 56 1
seq36 71 1 69  50 51 1  54 56 1
seq37 71 1 69  50 51 1  54 56 1
seq38 71 1 69  50 51 1  54 56 1
seq39 71 1 69  50 51 1  54 56 1
seq40 71 1 69  50 51 1  54 56 1
seq41 71 1 69  50 51 1  54 56 1
seq42 71 1 69  50 51 1  54 56 1
seq43 71 1 69  50 51 1  54 56 1
seq44 71 1 69  50 51 1  54 56 1
seq45 71 1 69  50 51 1  54 56 1
seq46 71 1 69  50 51 1  54 56 1
seq47 71 1 69  50 51 1  54 56 1
seq48 71 1 69  50 51 1  54 56 1
seq49 71 1 69  50 51 1  54 56 1
seq50 71 1 69  50 51 1  54 56 1
seq51 71 1 69  50 51 1  54 56 1
seq52 71 1 69  50 51 1  54 56 1
seq53 71 1 69  50 51 1  54 56 1
seq54 71 1 69  50 51 1  54 56 1
seq55 71 1 69  50 51 1  54 56 1
seq56 71 1 69  50 51 1  54 56 1
seq57 71 1 69  50 51 1  54 56 1
seq58 71 1 69  50 51 1  54 56 1
seq59 71 1 69  50 51 1  54 56 1
seq60 71 1 69  50 51 1  54 56 1
seq61 71 1 69  50 51 1  54 56 1
seq62 71 1 69  50 51 1  54 56 1
seq63 71 1 69  50 51 1  54 56 1
seq64 71 1 69  50 51 1  54 56 1
seq65 71 1 69  50 51 1  54 56 1
seq66 71 1 69  50 51 1  54 56 1
seq67 71 1 69  50 51 1  54 56 1
seq68 71 1 69  50 51 1  54 56 1
seq69 72 1 69  23 24 1  50 52 1  54 57 1
seq70 71 1 69  50 51 1  54 56 1
seq71 71 1 69  50 51 1  54 56 1
seq72 71 1 69  50 51 1  54 56 1
seq73 71 1 69  50 51 1  54 56 1
seq74 72 1 69  23 24 1  50 52 1  54 57 1
seq75 72 1 69  23 24 1  50 52 1  54 57 1
seq76 71 1 69  50 51 1  54 56 1
seq77 71 1 69  50 51 1  54 56 1
seq78 71 1 69  50 51 1  54 56 1
seq79 72 1 69  23 24 1  50 52 1  54 57 1
seq80 71 1 69  50 51 1  54 56 1
seq81 71 1 69  50 51 1  54 56 1
seq82 71 1 69  50 51 1  54 56 1
seq83 71 1 69  50 51 1  54 56 1
seq84 71 1 69  50 51 1  54 56 1
seq85 71 1 69  50 51 1  54 56 1
seq86 71 1 69  50 51 1  54 56 1
seq87 71 1 69  50 51 1  54 56 1
seq88 71 1 69  50 51 1  54 56 1
seq89 71 1 69  50 51 1  54 56 1
seq90 72 1 69  23 24 1  50 52 1  54 57 1
seq91 71 1 69  50 51 1  54 56 1
seq92 71 1 69  50 51 1  54 56 1
seq93 71 1 69  50 51 1  54 56 1
seq94 71 1 69  50 51 1  54 56 1
seq95 71 1 69  50 51 1  54 56 1
seq96 71 1 69  50 51 1  54 56 1
seq97 71 1 69  50 51 1  54 56 1
seq98 71 1 69  50 51 1  54 56 1
seq99 71 1 69  50 51 1  54 56 1
seq100 72 1 69  23 24 1  50 52 1  54 57 1
seq101 71 1 69  50 51 1  54 56 1
seq102 71 1 69  50 51 1  54 56 1
seq103 71 1 69  50 51 1  54 56 1
seq104 71 1 69  50 51 1  54 56 1
seq105 71 1 69  50 51 1  54 56 1
seq106 71 1 69  50 51 1  54 56 1
seq107 72 1 69  23 24 1  50 52 1  54 57 1
seq108 71 1 69  50 51 1  54 56 1
seq109 71 1 69  50 51 1  54 56 1
seq110 71 1 69  50 51 1  54 56 1
seq111 71 1 69  50 51 1  54 56 1
seq112 71 1 69  50 51 1  54 56 1
seq113 71 1 69  50 51 1  54 56 1
seq114 71 1 69  50 51 1  54 55 2
seq115 71 1 69  50 51 1  54 56 1
seq116 71 1 69  50 51 1  54 56 1
seq117 84 17 69
seq118 71 1 69  50 51 1  54 56 1
seq119 71 1 69  50 51 1  54 56 1
seq120 71 1 69  50 51 1  54 56 1
seq121 71 1 69  50 51 1  54 56 1
seq122 71 1 69  50 51 1  54 56 1
seq123 71 1 69  50 51 1  54 56 1
seq124 71 1 69  50 51 1  54 56 1
seq125 71 1 69  50 51 1  54 56 1
seq126 71 1 69  50 51 1  54 56 1
seq127 84 1 69  9 10 3  28 32 5  37 46 3
seq128 71 1 69  50 51 1  54 56 1
seq129 71 1 69  50 51 1  54 56 1
seq130 71 1 69  50 51 1  54 56 1
seq131 71 1 69  50 51 1  54 56 1
seq132 71 1 69  50 51 1  54 56 1
seq133 71 1 69  50 51 1  54 56 1
seq134 71 1 69  50 51 1  54 56 1
seq135 71 1 69  50 51 1  54 56 1
seq136 71 1 69  50 51 1  54 56 1
seq137 71 1 69  50 51 1  54 56 1
seq138 71 1 69  50 51 1  54 56 1
seq139 71 1 69  50 51 1  54 56 1
seq140 71 1 69  50 51 1  54 56 1
seq141 71 1 69  50 51 1  54 56 1
seq142 71 1 69  50 51 1  54 56 1
seq143 71 1 69  50 51 1  54 56 1
seq144 71 1 69  50 51 1  54 56 1
seq145 71 1 69  50 51 1  54 56 1
seq146 71 1 69  50 51 1  54 56 1
seq147 71 1 69  50 51 1  54 56 1
seq148 71 1 69  50 51 1  54 56 1
seq149 71 1 69  50 51 1  54 56 1
seq150 71 1 69  50 51 1  54 56 1
seq151 71 1 69  50 51 1  54 56 1
seq152 71 1 69  50 51 1  54 56 1
seq153 71 1 69  50 51 1  54 56 1
seq154 71 1 69  50 51 1  54 56 1
seq155 71 1 69  50 51 1  54 56 1
seq156 71 1 69  50 51 1  54 56 1
seq157 84 1 22
seq158 71 1 69  50 51 1  54 56 1
seq159 71 1 69  50 51 1  54 56 1
seq160 72 1 69  23 24 1  50 52 1  54 57 1
seq161 71 1 69  50 51 1  54 56 1
seq162 71 1 69  50 51 1  54 56 1
seq163 71 1 69  50 51 1  54 56 1
seq164 71 1 69  50 51 1  54 56 1
seq165 71 1 69  50 51 1  54 56 1
seq166 71 1 69  50 51 1  54 56 1
seq167 71 1 69  50 51 1  54 56 1
seq168 71 1 69  50 51 1  54 56 1
seq169 71 1 69  50 51 1  54 56 1
seq170 71 1 69  50 51 1  54 56 1
seq171 71 1 69  50 51 1  54 56 1
seq172 71 1 69  50 51 1  54 56 1
seq173 71 1 69  50 51 1  54 56 1
seq174 71 1 69  50 51 1  54 56 1
seq175 71 1 69  50 51 1  54 56 1
seq176 71 1 69  50 51 1  54 56 1
seq177 71 1 69  50 51 1  54 56 1
seq178 71 1 69  50 51 1  54 56 1
seq179 71 1 69  50 51 1  54 56 1
seq180 71 1 69  50 51 1  54 56 1
seq181 72 1 69  23 24 1  50 52 1  54 57 1
seq182 71 1 69  50 51 1  54 56 1
seq183 71 1 69  50 51 1  54 56 1
seq184 71 1 69  50 51 1  54 56 1
seq185 71 1 69  50 51 1  54 56 1
seq186 71 1 69  50 51 1  54 56 1
seq187 71 1 69  50 51 1  54 56 1
seq188 71 1 69  50 51 1  54 56 1
seq189 71 1 69  50 51 1  54 56 1
seq190 71 1 69  50 51 1  54 56 1
seq191 71 1 69  50 51 1  54 56 1
seq192 71 1 69  50 51 1  54 56 1
seq193 71 1 69  50 51 1  54 56 1
seq194 71 1 69  50 51 1  54 56 1
seq195 71 1 69  50 51 1  54 56 1
seq196 71 1 69  50 51 1  54 56 1
seq197 71 1 69  50 51 1  54 56 1
seq198 71 1 69  50 51 1  54 56 1
seq199 71 1 69  50 51 1  54 56 1
seq200 71 1 69  50 51 1  54 56 1
seq201 71 1 69  50 51 1  54 56 1
seq202 71 1 69  50 51 1  54 56 1
seq203 71 1 69  50 51 1  54 56 1
seq204 71 1 69  50 51 1  54 56 1
seq205 71 1 69  50 51 1  54 56 1
seq206 71 1 69  50 51 1  54 56 1
seq207 71 1 69  50 51 1  54 56 1
seq208 71 1 69  50 51 1  54 56 1
seq209 71 1 69  50 51 1  54 56 1
seq210 71 1 69  50 51 1  54 56 1
seq211 71 1 69  50 51 1  54 56 1
seq212 71 1 69  50 51 1  54 56 1
seq213 71 1 69  50 51 1  54 56 1
seq214 71 1 69  50 51 1  54 56 1
seq215 71 1 69  50 51 1  54 56 1
seq216 71 1 69  50 51 1  54 56 1
seq217 71 1 69  50 51 1  54 56 1
seq218 78 1 69  23 24 2  37 40 3
seq219 71 1 69  50 51 1  54 56 1
seq220 71 1 69  50 51 1  54 56 1
seq221 80 1 69  23 24 4  28 33 2  37 44 2  50 59 1  54 63 3
seq222 71 1 69  50 51 1  54 56 1
seq223 105 1 69
seq224 71 1 69  50 51 1  54 56 1
seq225 72 1 69  50 51 1  54 56 2
seq226 72 1 69  23 24 1  50 52 1  54 57 1
seq227 71 1 69  50 51 1  54 56 1
seq228 72 1 69  23 24 1  50 52 1  54 57 1
seq229 71 1 69  50 51 1  54 56 1
seq230 71 1 69  50 51 1  54 56 1
seq231 71 1 69  50 51 1  54 56 1
seq232 71 1 69  50 51 1  54 56 1
seq233 71 1 69  50 51 1  54 56 1
seq234 71 1 69  50 51 1  54 56 1
seq235 71 1 69  50 51 1  54 56 1
seq236 71 1 69  50 51 1  54 56 1
seq237 71 1 69  50 51 1  54 56 1
seq238 71 1 69  50 51 1  54 56 1
seq239 71 1 69  50 51 1  54 56 1
seq240 71 1 69  50 51 1  54 56 1
seq241 71 1 69  50 51 1  54 56 1
seq242 80 1 69  6 7 1  28 30 1  31 34 2  39 44 3  50 58 3  54 64 2
seq243 71 1 69  50 51 1  54 56 1
seq244 71 1 69  50 51 1  54 56 1
seq245 71 1 69  50 51 1  54 56 1
seq246 71 1 69  50 51 1  54 56 1
seq247 71 1 69  50 51 1  54 56 1
seq248 71 1 69  50 51 1  54 56 1
seq249 83 1 69  9 10 2  23 26 3  39 45 5  50 61 3  54 68 1
seq250 71 1 69  50 51 1  54 56 1
seq251 71 1 69  50 51 1  54 56 1
seq252 71 1 69  50 51 1  54 56 1
seq253 71 1 69  50 51 1  54 56 1
seq254 71 1 69  50 51 1  54 56 1
seq255 71 1 69  50 51 1  54 56 1
seq256 71 1 69  50 51 1  54 56 1
seq257 71 1 69  50 51 1  54 56 1
seq258 71 1 69  50 51 1  54 56 1
seq259 72 1 69  23 24 1  50 52 1  54 57 1
seq260 71 1 69  50 51 1  54 56 1
seq261 71 1 69  50 51 1  54 56 1
seq262 71 1 69  50 51 1  54 56 1
seq263 71 1 69  50 51 1  54 56 1
seq264 71 1 69  50 51 1  54 56 1
seq265 71 1 69  50 51 1  54 56 1
seq266 71 1 69  50 51 1  54 56 1
seq267 71 1 69  50 51 1  54 56 1
seq268 71 1 69  50 51 1  54 56 1
seq269 71 1 69  50 51 1  54 56 1
seq270 71 1 69  50 51 1  54 56 1
seq271 71 1 69  50 51 1  54 56 1
seq272 71 1 69  50 51 1  54 56 1
seq273 71 1 69  50 51 1  54 56 1
seq274 71 1 69  50 51 1  54 56 1
seq275 71 1 69  50 51 1  54 56 1
seq276 71 1 69  50 51 1  54 56 1
seq277 71 1 69  50 51 1  54 56 1
seq278 72 1 69  23 24 1  50 52 1  54 57 1
seq279 71 1 69  50 51 1  54 56 1
seq280 71 1 69  50 51 1  54 56 1
seq281 71 1 69  50 51 1  54 56 1
seq282 71 1 69  50 51 1  54 56 1
seq283 71 1 69  50 51 1  54 56 1
seq284 71 1 69  50 51 1  54 56 1
seq285 71 1 69  50 51 1  54 56 1
seq286 71 1 69  50 51 1  54 56 1
seq287 71 1 69  50 51 1  54 56 1
seq288 71 1 69  50 51 1  54 56 1
seq289 72 1 69  23 24 1  50 52 1  54 57 1
seq290 71 1 69  50 51 1  54 56 1
seq291 71 1 69  50 51 1  54 56 1
seq292 71 1 69  50 51 1  54 56 1
seq293 71 1 69  50 51 1  54 56 1
seq294 71 1 69  50 51 1  54 56 1
seq295 71 1 69  50 51 1  54 56 1
seq296 71 1 69  50 51 1  54 56 1
seq297 71 1 69  50 51 1  54 56 1
seq298 71 1 69  50 51 1  54 56 1
seq299 71 1 69  50 51 1  54 56 1
seq300 71 1 69  50 51 1  54 56 1
seq301 71 1 69  50 51 1  54 56 1
seq302 74 1 69  30 31 2  50 53 1  54 58 2
seq303 72 1 69  50 51 1  54 56 2
seq304 71 1 69  50 51 1  54 56 1
seq305 71 1 69  50 51 1  54 56 1
seq306 71 1 69  50 51 1  54 56 1
seq307 71 1 69  50 51 1  54 56 1
seq308 71 1 69  50 51 1  54 56 1
seq309 71 1 69  50 51 1  54 56 1
seq310 71 1 69  50 51 1  54 56 1
seq311 71 1 69  50 51 1  54 56 1
seq312 71 1 69  50 51 1  54 56 1
seq313 71 1 69  50 51 1  54 56 1
seq314 71 1 69  50 51 1  54 56 1
seq315 71 1 69  50 51 1  54 56 1
seq316 71 1 69  50 51 1  54 56 1
seq317 71 1 69  50 51 1  54 56 1
seq318 71 1 69  50 51 1  54 56 1
seq319 71 1 69  50 51 1  54 56 1
seq320 71 1 69  50 51 1  54 56 1
seq321 75 1 69  38 39 2  50 53 3  54 58 3
seq322 71 1 69  50 51 1  54 56 1
seq323 71 1 69  50 51 1  54 56 1
seq324 71 1 69  50 51 1  54 56 1
seq325 71 1 69  50 51 1  54 56 1
seq326 82 1 69  9 10 4  37 42 4  39 48 1  50 60 3  54 66 2
seq327 71 1 69  50 51 1  54 56 1
seq328 71 1 69  50 51 1  54 56 1
seq329 71 1 69  50 51 1  54 56 1
seq330 71 1 69  50 51 1  54 56 1
seq331 71 1 69  50 51 1  54 56 1
seq332 71 1 69  50 51 1  54 56 1
seq333 71 1 69  50 51 1  54 56 1
seq334 71 1 69  50 51 1  54 56 1
seq335 71 1 69  50 51 1  54 56 1
seq336 71 1 69  50 51 1  54 56 1
seq337 71 1 69  50 51 1  54 56 1
seq338 71 1 69  50 51 1  54 55 2
seq339 71 1 69  50 51 1  54 56 1
seq340 71 1 69  50 51 1  54 56 1
seq341 71 1 69  50 51 1  54 56 1
seq342 71 1 69  50 51 1  54 56 1
seq343 71 1 69  50 51 1  54 56 1
seq344 71 1 69  50 51 1  54 56 1
seq345 72 1 69  23 24 1  50 52 1  54 57 1
seq346 71 1 69  50 51 1  54 56 1
seq347 71 1 69  50 51 1  54 56 1
seq348 72 1 69  23 24 1  50 52 1  54 57 1
seq349 71 1 69  50 51 1  54 56 1
seq350 77 1 69  23 24 1  28 29 4  35 40 1  50 56 2  54 61 2
seq351 73 1 69  23 24 2  50 53 1  54 58 1
seq352 71 1 69  50 51 1  54 56 1
seq353 71 1 69  50 51 1  54 56 1
seq354 71 1 69  50 51 1  54 56 1
seq355 71 1 69  50 51 1  54 56 1
seq356 71 1 69  50 51 1  54 56 1
seq357 71 1 69  50 51 1  54 56 1
seq358 71 1 69  50 51 1  54 56 1
seq359 71 1 69  50 51 1  54 56 1
seq360 74 1 69  37 40 1  50 54 1  54 59 1
seq361 71 1 69  50 51 1  54 56 1
seq362 72 1 69  23 24 1  50 52 1  54 57 1
seq363 71 1 69  50 51 1  54 56 1
seq364 71 1 69  50 51 1  54 56 1
seq365 71 1 69  50 51 1  54 56 1
seq366 71 1 69  50 51 1  54 56 1
seq367 71 1 69  50 51 1  54 56 1
seq368 71 1 69  50 51 1  54 56 1
seq369 71 1 69  50 51 1  54 56 1
seq370 71 1 69  50 51 1  54 56 1
seq371 71 1 69  50 51 1  54 56 1
seq372 71 1 69  50 51 1  54 56 1
seq373 71 1 69  50 51 1  54 56 1
seq374 71 1 69  50 51 1  54 56 1
seq375 71 1 69  50 51 1  54 56 1
seq376 71 1 69  50 51 1  54 56 1
seq377 71 1 69  50 51 1  54 56 1
seq378 71 1 69  50 51 1  54 56 1
seq379 71 1 69  50 51 1  54 56 1
seq380 71 1 69  50 51 1  54 56 1
seq381 71 1 69  50 51 1  54 56 1
seq382 71 1 69  50 51 1  54 56 1
seq383 71 1 69  50 51 1  54 56 1
seq384 71 1 69  50 51 1  54 56 1
seq385 71 1 69  50 51 1  54 56 1
seq386 71 1 69  50 51 1  54 56 1
seq387 71 1 69  50 51 1  54 56 1
seq388 71 1 69  50 51 1  54 56 1
seq389 71 1 69  50 51 1  54 56 1
seq390 72 1 69  23 24 1  50 52 1  54 57 1
seq391 71 1 69  50 51 1  54 56 1
seq392 71 1 69  50 51 1  54 56 1
seq393 85 1 69  6 7 3  23 27 5  28 37 1  37 47 3  50 63 3  54 70 1
seq394 71 1 69  50 51 1  54 56 1
seq395 71 1 69  50 51 1  54 56 1
seq396 71 1 69  50 51 1  54 56 1
seq397 71 1 69  50 51 1  54 56 1
seq398 71 1 69  50 51 1  54 56 1
seq399 71 1 69  50 51 1  54 56 1
seq400 71 1 69  50 51 1  54 56 1
seq401 71 1 69  50 51 1  54 56 1
seq402 71 1 69  50 51 1  54 56 1
seq403 72 1 69  23 24 1  50 52 1  54 57 1
seq404 71 1 69  50 51 1  54 56 1
seq405 71 1 69  50 51 1  54 56 1
seq406 71 1 69  50 51 1  54 56 1
seq407 71 1 69  50 51 1  54 56 1
seq408 80 1 69  9 10 1  23 25 2  37 41 5  50 59 2  54 65 1
seq409 71 1 69  50 51 1  54 56 1
seq410 71 1 69  50 51 1  54 56 1
seq411 71 1 69  50 51 1  54 56 1
seq412 71 1 69  50 51 1  54 56 1
seq413 71 1 69  50 51 1  54 56 1
seq414 71 1 69  50 51 1  54 56 1
seq415 71 1 69  50 51 1  54 56 1
seq416 71 1 69  50 51 1  54 56 1
seq417 71 1 69  50 51 1  54 56 1
seq418 71 1 69  50 51 1  54 56 1
seq419 71 1 69  50 51 1  54 56 1
seq420 71 1 69  50 51 1  54 56 1
seq421 71 1 69  50 51 1  54 56 1
seq422 71 1 69  50 51 1  54 56 1
seq423 71 1 69  50 51 1  54 56 1
seq424 71 1 69  50 51 1  54 56 1
seq425 71 1 69  50 51 1  54 56 1
seq426 71 1 69  50 51 1  54 56 1
seq427 71 1 69  50 51 1  54 56 1
seq428 71 1 69  50 51 1  54 56 1
seq429 71 1 69  50 51 1  54 56 1
seq430 71 1 69  50 51 1  54 56 1
seq431 71 1 69  50 51 1  54 56 1
seq432 71 1 69  50 51 1  54 56 1
seq433 71 1 69  50 51 1  54 56 1
seq434 71 1 69  50 51 1  54 56 1
seq435 71 1 69  50 51 1  54 56 1
seq436 71 1 69  50 51 1  54 56 1
seq437 71 1 69  50 51 1  54 56 1
seq438 71 1 69  50 51 1  54 56 1
seq439 71 1 69  50 51 1  54 56 1
seq440 72 1 69  23 24 1  50 52 1  54 57 1
seq441 71 1 69  50 51 1  54 56 1
seq442 71 1 69  50 51 1  54 56 1
seq443 71 1 69  50 51 1  54 56 1
seq444 71 1 69  50 51 1  54 56 1
seq445 71 1 69  50 51 1  54 56 1
seq446 71 1 69  50 51 1  54 56 1
seq447 71 1 69  50 51 1  54 56 1
seq448 71 1 69  50 51 1  54 56 1
seq449 71 1 69  50 51 1  54 56 1
seq450 71 1 69  50 51 1  54 56 1
seq451 71 1 69  50 51 1  54 56 1
seq452 71 1 69  50 51 1  54 56 1
seq453 71 1 69  50 51 1  54 56 1
seq454 71 1 69  50 51 1  54 56 1
seq455 71 1 69  50 51 1  54 56 1
seq456 71 1 69  50 51 1  54 56 1
seq457 71 1 69  50 51 1  54 56 1
seq458 71 1 69  50 51 1  54 56 1
seq459 71 1 69  50 51 1  54 56 1
seq460 73 1 69  37 38 2  50 53 1  54 58 1
seq461 71 1 69  50 51 1  54 56 1
seq462 71 1 69  50 51 1  54 56 1
seq463 71 1 69  50 51 1  54 56 1
seq464 71 1 69  50 51 1  54 56 1
seq465 71 1 69  50 51 1  54 56 1
seq466 71 1 69  50 51 1  54 56 1
seq467 72 1 69  50 51 1  54 56 2
seq468 71 1 69  50 51 1  54 56 1
seq469 71 1 69  50 51 1  54 56 1
seq470 71 1 69  50 51 1  54 56 1
seq471 71 1 69  50 51 1  54 56 1
seq472 71 1 69  50 51 1  54 56 1
seq473 71 1 69  50 51 1  54 56 1
seq474 71 1 69  50 51 1  54 56 1
seq475 71 1 69  50 51 1  54 56 1
seq476 71 1 69  50 51 1  54 56 1
seq477 71 1 69  50 51 1  54 56 1
seq478 71 1 69  50 51 1  54 56 1
seq479 71 1 69  50 51 1  54 56 1
seq480 71 1 69  50 51 1  54 56 1
seq481 71 1 69  50 51 1  54 56 1
seq482 71 1 69  50 51 1  54 56 1
seq483 71 1 69  50 51 1  54 56 1
seq484 71 1 69  50 51 1  54 56 1
seq485 71 1 69  50 51 1  54 55 2
seq486 71 1 69  50 51 1  54 56 1
seq487 71 1 69  50 51 1  54 56 1
seq488 72 1 69  23 24 1  50 52 1  54 57 1
seq489 71 1 69  50 51 1  54 56 1
seq490 71 1 69  50 51 1  54 56 1
seq491 71 1 69  50 51 1  54 56 1
seq492 71 1 69  50 51 1  54 56 1
seq493 71 1 69  50 51 1  54 56 1
seq494 71 1 69  50 51 1  54 56 1
seq495 71 1 69  50 51 1  54 56 1
seq496 71 1 69  50 51 1  54 56 1
seq497 71 1 69  50 51 1  54 56 1
seq498 71 1 69  50 51 1  54 56 1
seq499 71 1 69  50 51 1  54 56 1
seq500 71 1 69  50 51 1  54 56 1
seq501 71 1 69  50 51 1  54 56 1
seq502 71 1 69  50 51 1  54 56 1
seq503 71 1 69  50 51 1  54 56 1
seq504 71 1 69  50 51 1  54 56 1
seq505 71 1 69  50 51 1  54 56 1
seq506 71 1 69  50 51 1  54 56 1
seq507 71 1 69  50 51 1  54 56 1
seq508 95 1 18
seq509 71 1 69  50 51 1  54 56 1
seq510 71 1 69  50 51 1  54 56 1
seq511 71 1 69  50 51 1  54 56 1
seq512 71 1 69  50 51 1  54 56 1
seq513 71 1 69  50 51 1  54 56 1
seq514 71 1 69  50 51 1  54 56 1
seq515 71 1 69  50 51 1  54 56 1
seq516 71 1 69  50 51 1  54 56 1
seq517 71 1 69  50 51 1  54 56 1
seq518 72 1 69  23 24 1  50 52 1  54 57 1
seq519 71 1 69  50 51 1  54 56 1
seq520 71 1 69  50 51 1  54 56 1
seq521 71 1 69  50 51 1  54 56 1
seq522 71 1 69  50 51 1  54 56 1
seq523 71 1 69  50 51 1  54 56 1
seq524 71 1 69  50 51 1  54 56 1
seq525 71 1 69  50 51 1  54 56 1
seq526 71 1 69  50 51 1  54 56 1
seq527 71 1 69  50 51 1  54 56 1
seq528 71 1 69  50 51 1  54 56 1
seq529 71 1 69  50 51 1  54 56 1
seq530 71 1 69  50 51 1  54 56 1
seq531 71 1 69  50 51 1  54 56 1
seq532 71 1 69  50 51 1  54 56 1
seq533 71 1 69  50 51 1  54 56 1
seq534 71 1 69  50 51 1  54 56 1
seq535 71 1 69  50 51 1  54 56 1
seq536 71 1 69  50 51 1  54 56 1
seq537 71 1 69  50 51 1  54 56 1
seq538 71 1 69  50 51 1  54 56 1
seq539 71 1 69  50 51 1  54 56 1
seq540 79 1 69  9 10 2  37 40 6  50 59 1  54 63 2
seq541 71 1 69  50 51 1  54 56 1
seq542 71 1 69  50 51 1  54 56 1
seq543 71 1 69  50 51 1  54 56 1
seq544 71 1 69  50 51 1  54 56 1
seq545 71 1 69  50 51 1  54 56 1
seq546 72 1 69  23 24 1  50 52 1  54 57 1
seq547 71 1 69  50 51 1  54 56 1
seq548 71 1 69  50 51 1  54 56 1
seq549 71 1 69  50 51 1  54 56 1
seq550 72 1 69  23 24 1  50 52 1  54 57 1
seq551 71 1 69  50 51 1  54 56 1
seq552 71 1 69  50 51 1  54 56 1
seq553 71 1 69  50 51 1  54 56 1
seq554 71 1 69  50 51 1  54 56 1
seq555 71 1 69  50 51 1  54 56 1
seq556 71 1 69  50 51 1  54 56 1
seq557 72 1 69  23 24 1  50 52 1  54 57 1
seq558 71 1 69  50 51 1  54 56 1
seq559 71 1 69  50 51 1  54 56 1
seq560 71 1 69  50 51 1  54 56 1
seq561 71 1 69  50 51 1  54 56 1
seq562 71 1 69  50 51 1  54 56 1
seq563 112 1 69  23 33 1
seq564 71 1 69  50 51 1  54 56 1
seq565 71 1 69  50 51 1  54 56 1
seq566 71 1 69  50 51 1  54 56 1
seq567 71 1 69  50 51 1  54 56 1
seq568 71 1 69  50 51 1  54 56 1
seq569 71 1 69  50 51 1  54 56 1
seq570 71 1 69  50 51 1  54 56 1
seq571 71 1 69  50 51 1  54 56 1
seq572 71 1 69  50 51 1  54 56 1
seq573 71 1 69  50 51 1  54 56 1
seq574 71 1 69  50 51 1  54 56 1
seq575 71 1 69  50 51 1  54 56 1
seq576 71 1 69  50 51 1  54 56 1
seq577 71 1 69  50 51 1  54 56 1
seq578 71 1 69  50 51 1  54 56 1
seq579 71 1 69  50 51 1  54 56 1
seq580 71 1 69  50 51 1  54 56 1
seq581 71 1 69  50 51 1  54 56 1
seq582 93 1 69  6 7 3  23 27 4  28 36 1  30 39 5  35 49 2  39 55 5  50 71 3  54 77 2
seq583 71 1 69  50 51 1  54 56 1
seq584 71 1 69  50 51 1  54 56 1
seq585 71 1 69  50 51 1  54 56 1
seq586 71 1 69  50 51 1  54 56 1
seq587 71 1 69  50 51 1  54 56 1
seq588 71 1 69  50 51 1  54 56 1
seq589 71 1 69  50 51 1  54 56 1
seq590 71 1 69  50 51 1  54 56 1
seq591 72 1 69  23 24 1  50 52 1  54 57 1
seq592 71 1 69  50 51 1  54 56 1
seq593 71 1 69  50 51 1  54 56 1
seq594 71 1 69  50 51 1  54 56 1
seq595 71 1 69  50 51 1  54 56 1
seq596 71 1 69  50 51 1  54 56 1
seq597 71 1 69  50 51 1  54 56 1
seq598 71 1 69  50 51 1  54 56 1
seq599 71 1 69  50 51 1  54 56 1
seq600 71 1 69  50 51 1  54 56 1
seq601 71 1 69  50 51 1  54 56 1
seq602 71 1 69  50 51 1  54 56 1
seq603 71 1 69  50 51 1  54 56 1
seq604 71 1 69  50 51 1  54 56 1
seq605 71 1 69  50 51 1  54 56 1
seq606 71 1 69  50 51 1  54 56 1
seq607 71 1 69  50 51 1  54 56 1
seq608 71 1 69  50 51 1  54 56 1
seq609 71 1 69  50 51 1  54 56 1
seq610 71 1 69  50 51 1  54 56 1
seq611 71 1 69  50 51 1  54 56 1
seq612 71 1 69  50 51 1  54 56 1
seq613 71 1 69  50 51 1  54 56 1
seq614 72 1 69  23 24 1  50 52 1  54 57 1
seq615 71 1 69  50 51 1  54 56 1
seq616 71 1 69  50 51 1  54 56 1
seq617 71 1 69  50 51 1  54 56 1
seq618 71 1 69  50 51 1  54 56 1
seq619 71 1 69  50 51 1  54 56 1
seq620 71 1 69  50 51 1  54 56 1
seq621 71 1 69  50 51 1  54 56 1
seq622 71 1 69  50 51 1  54 56 1
seq623 71 1 69  50 51 1  54 56 1
seq624 71 1 69  50 51 1  54 56 1
seq625 72 1 69  23 24 1  50 52 1  54 57 1
seq626 71 1 69  50 51 1  54 56 1
seq627 72 1 69  23 24 1  50 52 1  54 57 1
seq628 71 1 69  50 51 1  54 56 1
seq629 71 1 69  50 51 1  54 56 1
seq630 71 1 69  50 51 1  54 56 1
seq631 71 1 69  50 51 1  54 56 1
seq632 71 1 69  50 51 1  54 56 1
seq633 71 1 69  50 51 1  54 56 1
seq634 71 1 69  50 51 1  54 56 1
seq635 71 1 69  50 51 1  54 56 1
seq636 71 1 69  50 51 1  54 56 1
seq637 71 1 69  50 51 1  54 56 1
seq638 71 1 69  50 51 1  54 56 1
seq639 71 1 69  50 51 1  54 56 1
seq640 71 1 69  50 51 1  54 56 1
seq641 71 1 69  50 51 1  54 56 1
seq642 71 1 69  50 51 1  54 56 1
seq643 72 1 69  23 24 1  50 52 1  54 57 1
seq644 71 1 69  50 51 1  54 56 1
seq645 71 1 69  50 51 1  54 56 1
seq646 71 1 69  50 51 1  54 56 1
seq647 71 1 69  50 51 1  54 56 1
seq648 71 1 69  50 51 1  54 56 1
seq649 71 1 69  50 51 1  54 56 1
seq650 71 1 69  50 51 1  54 56 1
seq651 71 1 69  50 51 1  54 56 1
seq652 71 1 69  50 51 1  54 56 1
seq653 71 1 69  50 51 1  54 56 1
seq654 71 1 69  50 51 1  54 56 1
seq655 71 1 69  50 51 1  54 56 1
seq656 71 1 69  50 51 1  54 56 1
seq657 71 1 69  50 51 1  54 56 1
seq658 72 1 69  23 24 1  50 52 1  54 57 1
seq659 71 1 69  50 51 1  54 56 1
seq660 71 1 69  50 51 1  54 56 1
seq661 71 1 69  50 51 1  54 56 1
seq662 71 1 69  50 51 1  54 56 1
seq663 71 1 69  50 51 1  54 56 1
seq664 71 1 69  50 51 1  54 56 1
seq665 71 1 69  50 51 1  54 56 1
seq666 71 1 69  50 51 1  54 56 1
seq667 71 1 69  50 51 1  54 56 1
seq668 72 1 69  23 24 1  50 52 1  54 57 1
seq669 71 1 69  50 51 1  54 56 1
seq670 118 1 16
seq671 71 1 69  50 51 1  54 56 1
seq672 71 1 69  50 51 1  54 56 1
seq673 71 1 69  50 51 1  54 56 1
seq674 71 1 69  50 51 1  54 56 1
seq675 71 1 69  50 51 1  54 56 1
seq676 71 1 69  50 51 1  54 56 1
seq677 71 1 69  50 51 1  54 56 1
seq678 71 1 69  50 51 1  54 56 1
seq679 71 1 69  50 51 1  54 56 1
seq680 71 1 69  50 51 1  54 56 1
seq681 71 1 69  50 51 1  54 56 1
seq682 71 1 69  50 51 1  54 56 1
seq683 71 1 69  50 51 1  54 56 1
seq684 71 1 69  50 51 1  54 56 1
seq685 71 1 69  50 51 1  54 56 1
seq686 71 1 69  50 51 1  54 56 1
seq687 71 1 69  50 51 1  54 56 1
seq688 71 1 69  50 51 1  54 56 1
seq689 71 1 69  50 51 1  54 56 1
seq690 71 1 69  50 51 1  54 56 1
seq691 71 1 69  50 51 1  54 56 1
seq692 71 1 69  50 51 1  54 56 1
seq693 71 1 69  50 51 1  54 56 1
seq694 71 1 69  50 51 1  54 56 1
seq695 72 1 69  50 51 2  54 57 1
seq696 71 1 69  50 51 1  54 56 1
seq697 71 1 69  50 51 1  54 56 1
seq698 71 1 69  50 51 1  54 56 1
seq699 71 1 69  50 51 1  54 56 1
seq700 71 1 69  50 51 1  54 56 1
seq701 71 1 69  50 51 1  54 56 1
seq702 111 1 18
seq703 71 1 69  50 51 1  54 56 1
seq704 71 1 69  50 51 1  54 56 1
seq705 71 1 69  50 51 1  54 56 1
seq706 71 1 69  50 51 1  54 56 1
seq707 71 1 69  50 51 1  54 56 1
seq708 71 1 69  50 51 1  54 56 1
seq709 71 1 69  50 51 1  54 56 1
seq710 71 1 69  50 51 1  54 56 1
seq711 71 1 69  50 51 1  54 56 1
seq712 71 1 69  50 51 1  54 56 1
seq713 71 1 69  50 51 1  54 56 1
seq714 71 1 69  50 51 1  54 56 1
seq715 71 1 69  50 51 1  54 56 1
seq716 71 1 69  50 51 1  54 56 1
seq717 71 1 69  50 51 1  54 56 1
seq718 71 1 69  50 51 1  54 56 1
seq719 71 1 69  50 51 1  54 56 1
seq720 71 1 69  50 51 1  54 56 1
seq721 71 1 69  50 51 1  54 56 1
seq722 71 1 69  50 51 1  54 56 1
seq723 71 1 69  50 51 1  54 56 1
seq724 71 1 69  50 51 1  54 56 1
seq725 71 1 69  50 51 1  54 56 1
seq726 71 1 69  50 51 1  54 56 1
seq727 71 1 69  50 51 1  54 56 1
seq728 71 1 69  50 51 1  54 56 1
seq729 71 1 69  50 51 1  54 56 1
seq730 71 1 69  50 51 1  54 56 1
seq731 71 1 69  50 51 1  54 56 1
seq732 71 1 69  50 51 1  54 56 1
seq733 71 1 69  50 51 1  54 56 1
seq734 71 1 69  50 51 1  54 56 1
seq735 71 1 69  50 51 1  54 56 1
seq736 71 1 69  50 51 1  54 56 1
seq737 71 1 69  50 51 1  54 56 1
seq738 71 1 69  50 51 1  54 56 1
seq739 71 1 69  50 51 1  54 56 1
seq740 71 1 69  50 51 1  54 56 1
seq741 71 1 69  50 51 1  54 56 1
seq742 71 1 69  50 51 1  54 56 1
seq743 72 1 69  23 24 1  50 52 1  54 57 1
seq744 72 1 69  23 24 1  50 52 1  54 57 1
seq745 71 1 69  50 51 1  54 56 1
seq746 71 1 69  50 51 1  54 56 1
seq747 71 1 69  50 51 1  54 56 1
seq748 71 1 69  50 51 1  54 56 1
seq749 71 1 69  50 51 1  54 56 1
seq750 71 1 69  50 51 1  54 56 1
seq751 71 1 69  50 51 1  54 56 1
seq752 71 1 69  50 51 1  54 56 1
seq753 71 1 69  50 51 1  54 56 1
seq754 71 1 69  50 51 1  54 56 1
seq755 71 1 69  50 51 1  54 56 1
seq756 71 1 69  50 51 1  54 56 1
seq757 71 1 69  50 51 1  54 56 1
seq758 71 1 69  50 51 1  54 56 1
seq759 72 1 69  23 24 1  50 52 1  54 57 1
seq760 71 1 69  50 51 1  54 56 1
seq761 71 1 69  50 51 1  54 56 1
seq762 71 1 69  50 51 1  54 56 1
seq763 71 1 69  50 51 1  54 56 1
seq764 71 1 69  50 51 1  54 56 1
seq765 71 1 69  50 51 1  54 56 1
seq766 71 1 69  50 51 1  54 56 1
seq767 71 1 69  50 51 1  54 56 1
seq768 71 1 69  50 51 1  54 56 1
seq769 71 1 69  50 51 1  54 56 1
seq770 71 1 69  50 51 1  54 56 1
seq771 71 1 69  50 51 1  54 56 1
seq772 71 1 69  50 51 1  54 56 1
seq773 71 1 69  50 51 1  54 56 1
seq774 71 1 69  50 51 1  54 56 1
seq775 71 1 69  50 51 1  54 56 1
seq776 71 1 69  50 51 1  54 56 1
seq777 71 1 69  50 51 1  54 56 1
seq778 71 1 69  50 51 1  54 56 1
seq779 71 1 69  50 51 1  54 56 1
seq780 71 1 69  50 51 1  54 56 1
seq781 71 1 69  50 51 1  54 56 1
seq782 71 1 69  50 51 1  54 56 1
seq783 71 1 69  50 51 1  54 56 1
seq784 71 1 69  50 51 1  54 56 1
seq785 71 1 69  50 51 1  54 56 1
seq786 71 1 69  50 51 1  54 56 1
seq787 71 1 69  50 51 1  54 56 1
seq788 71 1 69  50 51 1  54 56 1
seq789 71 1 69  50 51 1  54 56 1
seq790 71 1 69  50 51 1  54 56 1
seq791 71 1 69  50 51 1  54 56 1
seq792 71 1 69  50 51 1  54 56 1
seq793 71 1 69  50 51 1  54 56 1
seq794 71 1 69  50 51 1  54 56 1
seq795 71 1 69  50 51 1  54 56 1
seq796 71 1 69  50 51 1  54 56 1
seq797 71 1 69  50 51 1  54 56 1
seq798 71 1 69  50 51 1  54 56 1
seq799 71 1 69  50 51 1  54 56 1
seq800 71 1 69  50 51 1  54 56 1
seq801 71 1 69  50 51 1  54 56 1
seq802 71 1 69  50 51 1  54 56 1
seq803 71 1 69  50 51 1  54 56 1
seq804 71 1 69  50 51 1  54 56 1
seq805 71 1 69  50 51 1  54 56 1
seq806 71 1 69  50 51 1  54 56 1
seq807 71 1 69  50 51 1  54 56 1
seq808 71 1 69  50 51 1  54 56 1
seq809 71 1 69  50 51 1  54 56 1
seq810 71 1 69  50 51 1  54 56 1
seq811 71 1 69  50 51 1  54 56 1
seq812 71 1 69  50 51 1  54 56 1
seq813 96 1 69  23 31 4
seq814 71 1 69  50 51 1  54 56 1
seq815 71 1 69  50 51 1  54 56 1
seq816 71 1 69  50 51 1  54 56 1
seq817 72 1 69  23 24 1  50 52 1  54 57 1
seq818 71 1 69  50 51 1  54 56 1
seq819 71 1 69  50 51 1  54 56 1
seq820 71 1 69  50 51 1  54 56 1
seq821 71 1 69  50 51 1  54 56 1
seq822 71 1 69  50 51 1  54 56 1
seq823 80 1 69  23 28 2  28 35 2  50 59 2  54 64 2
seq824 71 1 69  50 51 1  54 56 1
seq825 71 1 69  50 51 1  54 56 1
seq826 71 1 69  50 51 1  54 56 1
seq827 71 1 69  50 51 1  54 56 1
seq828 71 1 69  50 51 1  54 56 1
seq829 71 1 69  50 51 1  54 56 1
seq830 71 1 69  50 51 1  54 56 1
seq831 71 1 69  50 51 1  54 56 1
seq832 71 1 69  50 51 1  54 56 1
seq833 71 1 69  50 51 1  54 56 1
seq834 71 1 69  50 51 1  54 56 1
seq835 71 1 69  50 51 1  54 56 1
seq836 71 1 69  50 51 1  54 56 1
seq837 71 1 69  50 51 1  54 56 1
seq838 71 1 69  50 51 1  54 56 1
seq839 103 1 69  23 28 2
seq840 71 1 69  50 51 1  54 56 1
seq841 71 1 69  50 51 1  54 56 1
seq842 71 1 69  50 51 1  54 56 1
seq843 77 1 69  9 10 2  37 40 4  50 57 1  54 62 1
seq844 71 1 69  50 51 1  54 56 1
seq845 71 1 69  50 51 1  54 56 1
seq846 113 1 17
seq847 71 1 69  50 51 1  54 56 1
seq848 71 1 69  50 51 1  54 56 1
seq849 71 1 69  50 51 1  54 56 1
seq850 72 1 69  50 51 2  54 56 2
seq851 71 1 69  50 51 1  54 56 1
seq852 71 1 69  50 51 1  54 56 1
seq853 71 1 69  50 51 1  54 56 1
seq854 71 1 69  50 51 1  54 56 1
seq855 71 1 69  50 51 1  54 56 1
seq856 71 1 69  50 51 1  54 56 1
seq857 71 1 69  50 51 1  54 56 1
seq858 71 1 69  50 51 1  54 56 1
seq859 71 1 69  50 51 1  54 56 1
seq860 71 1 69  50 51 1  54 56 1
seq861 71 1 69  50 51 1  54 56 1
seq862 71 1 69  50 51 1  54 56 1
seq863 71 1 69  50 51 1  54 56 1
seq864 71 1 69  50 51 1  54 56 1
seq865 71 1 69  50 51 1  54 56 1
seq866 71 1 69  50 51 1  54 56 1
seq867 71 1 69  50 51 1  54 56 1
seq868 71 1 69  50 51 1  54 56 1
seq869 71 1 69  50 51 1  54 56 1
seq870 71 1 69  50 51 1  54 56 1
seq871 71 1 69  50 51 1  54 56 1
seq872 71 1 69  50 51 1  54 56 1
seq873 71 1 69  50 51 1  54 56 1
seq874 71 1 69  50 51 1  54 56 1
seq875 71 1 69  50 51 1  54 56 1
seq876 71 1 69  50 51 1  54 56 1
seq877 71 1 69  50 51 1  54 56 1
seq878 72 1 69  23 24 1  50 52 1  54 57 1
seq879 71 1 69  50 51 1  54 56 1
seq880 71 1 69  50 51 1  54 56 1
seq881 71 1 69  50 51 1  54 56 1
seq882 71 1 69  50 51 1  54 56 1
seq883 71 1 69  50 51 1  54 56 1
seq884 71 1 69  50 51 1  54 56 1
seq885 71 1 69  50 51 1  54 56 1
seq886 71 1 69  50 51 1  54 56 1
seq887 71 1 69  50 51 1  54 56 1
seq888 71 1 69  50 51 1  54 56 1
seq889 72 1 69  23 24 1  50 52 1  54 57 1
seq890 71 1 69  50 51 1  54 56 1
seq891 71 1 69  50 51 1  54 56 1
seq892 71 1 69  50 51 1  54 56 1
seq893 71 1 69  50 51 1  54 56 1
seq894 71 1 69  50 51 1  54 56 1
seq895 71 1 69  50 51 1  54 56 1
seq896 71 1 69  50 51 1  54 56 1
seq897 71 1 69  50 51 1  54 56 1
seq898 71 1 69  50 51 1  54 56 1
seq899 71 1 69  50 51 1  54 56 1
seq900 71 1 69  50 51 1  54 56 1
seq901 71 1 69  50 51 1  54 56 1
seq902 71 1 69  50 51 1  54 56 1
seq903 71 1 69  50 51 1  54 56 1
seq904 71 1 69  50 51 1  54 56 1
seq905 71 1 69  50 51 1  54 56 1
seq906 71 1 69  50 51 1  54 56 1
seq907 71 1 69  50 51 1  54 56 1
seq908 71 1 69  50 51 1  54 56 1
seq909 72 1 69  23 24 1  50 52 1  54 57 1
seq910 71 1 69  50 51 1  54 56 1
seq911 71 1 69  50 51 1  54 56 1
seq912 71 1 69  50 51 1  54 56 1
seq913 72 1 69  23 24 1  50 52 1  54 57 1
seq914 71 1 69  50 51 1  54 56 1
seq915 71 1 69  50 51 1  54 56 1
seq916 71 1 69  50 51 1  54 56 1
seq917 71 1 69  50 51 1  54 56 1
seq918 71 1 69  50 51 1  54 56 1
seq919 71 1 69  50 51 1  54 56 1
seq920 71 1 69  50 51 1  54 56 1
seq921 71 1 69  50 51 1  54 56 1
seq922 71 1 69  50 51 1  54 56 1
seq923 71 1 69  50 51 1  54 56 1
seq924 71 1 69  50 51 1  54 56 1
seq925 71 1 69  50 51 1  54 56 1
seq926 71 1 69  50 51 1  54 56 1
seq927 71 1 69  50 51 1  54 56 1
seq928 71 1 69  50 51 1  54 56 1
seq929 71 1 69  50 51 1  54 56 1
seq930 71 1 69  50 51 1  54 56 1
seq931 71 1 69
seq932 108 1 23
seq933 71 1 69  50 51 1  54 56 1
seq934 71 1 69  50 51 1  54 56 1
seq935 71 1 69  50 51 1  54 56 1
seq936 71 1 69  50 51 1  54 56 1
seq937 71 1 69  50 51 1  54 56 1
seq938 71 1 69  50 51 1  54 56 1
seq939 71 1 69  50 51 1  54 56 1
seq940 71 1 69  50 51 1  54 56 1
seq941 71 1 69  50 51 1  54 56 1
seq942 71 1 69  50 51 1  54 56 1
seq943 71 1 69  50 51 1  54 56 1
seq944 71 1 69  50 51 1  54 56 1
seq945 71 1 69  50 51 1  54 56 1
seq946 71 1 69  50 51 1  54 56 1
seq947 71 1 69  50 51 1  54 56 1
seq948 71 1 69  50 51 1  54 56 1
seq949 71 1 69  50 51 1  54 56 1
seq950 71 1 69  50 51 1  54 56 1
seq951 71 1 69  50 51 1  54 56 1
seq952 72 1 69  23 24 1  50 52 1  54 57 1
seq953 71 1 69  50 51 1  54 56 1
seq954 71 1 69  50 51 1  54 56 1
seq955 71 1 69  50 51 1  54 56 1
seq956 71 1 69  50 51 1  54 56 1
seq957 71 1 69  50 51 1  54 56 1
seq958 71 1 69  50 51 1  54 56 1
seq959 71 1 69  50 51 1  54 56 1
seq960 71 1 69  50 51 1  54 56 1
seq961 71 1 69  50 51 1  54 56 1
seq962 71 1 69  50 51 1  54 56 1
seq963 71 1 69  50 51 1  54 56 1
seq964 71 1 69  50 51 1  54 56 1
seq965 71 1 69  50 51 1  54 56 1
seq966 71 1 69  50 51 1  54 56 1
seq967 71 1 69  50 51 1  54 56 1
seq968 71 1 69  50 51 1  54 56 1
seq969 71 1 69  50 51 1  54 56 1
seq970 71 1 69  50 51 1  54 56 1
seq971 71 1 69  50 51 1  54 56 1
seq972 71 1 69  50 51 1  54 56 1
seq973 71 1 69  50 51 1  54 56 1
seq974 72 1 69  23 24 1  50 52 1  54 57 1
seq975 71 1 69  50 51 1  54 56 1
seq976 71 1 69  50 51 1  54 56 1
seq977 71 1 69  50 51 1  54 56 1
seq978 71 1 69  50 51 1  54 56 1
seq979 71 1 69  50 51 1  54 56 1
seq980 71 1 69  50 51 1  54 56 1
seq981 71 1 69  50 51 1  54 56 1
seq982 71 1 69  50 51 1  54 56 1
seq983 71 1 69  50 51 1  54 56 1
seq984 71 1 69  50 51 1  54 56 1
seq985 71 1 69  50 51 1  54 56 1
seq986 71 1 69  50 51 1  54 56 1
seq987 71 1 69  50 51 1  54 56 1
seq988 71 1 69  50 51 1  54 56 1
seq989 71 1 69  50 51 1  54 56 1
seq990 72 1 69  23 24 1  50 52 1  54 57 1
seq991 71 1 69  50 51 1  54 56 1
seq992 71 1 69  50 51 1  54 56 1
seq993 71 1 69  50 51 1  54 56 1
seq994 71 1 69  50 51 1  54 56 1
seq995 71 1 69  50 51 1  54 56 1
seq996 71 1 69  50 51 1  54 56 1
seq997 71 1 69  50 51 1  54 56 1
seq998 71 1 69  50 51 1  54 56 1
seq999 71 1 69  50 51 1  54 56 1
//
